335170.7	4787571.9	713.2	335172.5	4787573.6	712.7
331090.9	4770321.2	1748.1	331092.7	4770319.3	1748.1
339940.9	4795281.1	912.4	339942.7	4795279.2	912.0
332710.8	4791711.2	927.2	332712.6	4791709.2	927.5
341140.9	4776381.4	1306.1	341142.5	4776379.3	1306.3
345400.8	4792101.3	1606.2	345402.6	4792099.4	1606.4
325900.7	4772511.4	1514.5	325902.5	4772509.3	1514.7
337060.6	4778511.1	1480.2	337062.7	4778509.2	1480.4
337120.8	4794470.9	1039.4	337122.6	4794468.7	1039.6
341560.8	4782531.4	2016.4	341562.7	4782529.3	2016.5
340690.6	4774731.8	1781.5	340692.5	4774733.8	1782.3
348670.9	4765641.1	1186.8	348673.1	4765639.3	1186.3
343390.2	4798161.7	572.2	343392.6	4798163.4	571.9
335020.1	4768761.8	1429.7	335018.0	4768763.5	1430.7
334210.7	4785591.1	1202.4	334212.9	4785589.2	1203.0
324850.3	4779651.6	1623.8	324848.4	4779649.4	1624.3
342310.5	4790511.9	1445.7	342312.6	4790514.0	1446.2
346330.0	4784061.8	1464.3	346328.2	4784063.7	1465.6
338170.9	4785411.8	1965.9	338173.1	4785413.8	1966.5
343870.7	4770680.9	1339.3	343868.3	4770679.3	1338.6
333550.4	4785560.9	1448.3	333553.0	4785559.4	1448.6
337510.2	4778661.1	1524.8	337507.7	4778659.3	1525.4
332710.5	4783431.2	1326.0	332712.9	4783429.2	1326.5
339040.6	4787391.7	2041.6	339042.6	4787393.7	2042.8
327250.7	4767171.4	1160.3	327252.5	4767169.0	1160.8
335410.0	4776321.0	987.5	335407.8	4776319.1	988.7
336940.9	4774461.4	1443.9	336943.0	4774459.1	1443.9
344440.7	4798251.1	532.1	344442.8	4798248.7	532.2
325990.2	4777250.9	1505.4	325987.7	4777249.2	1506.5
337390.4	4776651.3	1014.5	337392.8	4776649.3	1014.6
338290.3	4779171.4	1793.9	338292.6	4779169.2	1793.8
341110.9	4799781.0	204.7	341113.4	4799779.0	205.0
340930.8	4772991.4	2008.8	340932.7	4772988.9	2008.2
345700.0	4791621.5	1518.3	345698.3	4791619.0	1519.2
345430.8	4785291.5	506.0	345432.9	4785289.2	506.6
333820.2	4805991.7	167.1	333822.5	4805994.0	166.4
339670.6	4782771.8	1974.8	339672.9	4782773.5	1973.4
342580.6	4769301.7	1253.3	342578.1	4769303.7	1252.7
347050.1	4766811.8	1248.2	347047.5	4766813.6	1247.4
347770.6	4800411.5	707.6	347772.9	4800413.5	708.8
348340.7	4767711.3	1301.0	348343.0	4767709.1	1301.8
338230.3	4793391.0	1184.3	338232.8	4793389.0	1184.8
328630.4	4789911.3	529.0	328632.5	4789913.5	530.2
345160.7	4791771.2	1472.3	345163.2	4791769.1	1472.1
342580.6	4782591.1	2035.7	342582.8	4782588.8	2035.1
341110.2	4774821.0	1720.3	341108.2	4774818.5	1721.1
343870.1	4780251.1	1034.0	343868.0	4780253.6	1034.5
342100.8	4786221.7	2111.9	342102.9	4786219.3	2111.0
341290.1	4792581.2	1017.7	341292.5	4792579.0	1017.0
326980.4	4766631.4	1196.1	326982.6	4766628.9	1196.1
333310.7	4801851.3	227.3	333308.4	4801849.0	228.1
338260.4	4778301.0	1712.4	338263.0	4778298.9	1712.2
340901.0	4793601.0	1117.1	340903.4	4793598.9	1117.9
329350.7	4794291.6	145.6	329352.8	4794294.0	144.5
338230.4	4774341.8	1507.8	338232.7	4774339.3	1507.7
344110.9	4787811.7	1940.2	344113.3	4787809.4	1941.0
328210.8	4774161.4	1802.7	328213.4	4774159.1	1802.7
338710.7	4806051.5	589.9	338708.4	4806049.1	590.7
335680.5	4771071.1	1175.0	335683.4	4771069.3	1174.4
327790.9	4790331.2	747.5	327793.0	4790328.5	747.7
333250.6	4792971.0	987.6	333253.4	4792969.0	987.8
337870.5	4793391.8	1099.1	337872.7	4793389.2	1099.5
325660.9	4771761.4	1539.0	325662.9	4771758.7	1538.3
336730.3	4789191.4	1487.3	336727.9	4789193.4	1486.0
327340.1	4787540.9	1234.5	327338.4	4787543.9	1235.0
346990.3	4788321.0	926.4	346987.6	4788319.1	927.4
342880.6	4769331.4	1260.3	342882.5	4769334.2	1259.4
330670.2	4795461.3	812.0	330672.7	4795459.0	812.4
344860.9	4766901.4	1618.5	344862.7	4766898.4	1618.9
337750.4	4774581.3	1334.2	337748.4	4774578.9	1332.6
324970.4	4794771.7	793.8	324972.8	4794774.0	794.9
341980.1	4775570.9	1763.6	341977.7	4775568.5	1764.4
345880.2	4777731.6	1105.3	345877.8	4777734.1	1104.7
341680.7	4805811.0	114.2	341682.7	4805813.6	113.1
337360.9	4793781.8	1020.3	337363.2	4793779.3	1021.0
340780.6	4772181.4	1796.3	340782.6	4772178.6	1796.8
336190.6	4795221.2	797.9	336192.5	4795223.9	799.1
337420.1	4800201.5	147.1	337422.9	4800199.4	147.4
342010.0	4774431.5	1657.9	342012.6	4774429.2	1657.6
347440.7	4780011.5	2384.6	347442.5	4780008.5	2384.3
331570.4	4799481.3	256.0	331573.2	4799479.3	255.1
345730.5	4791980.9	1608.2	345728.2	4791978.4	1609.1
339970.3	4768191.3	1527.1	339967.9	4768189.2	1528.6
346210.4	4791651.9	1475.3	346208.2	4791649.1	1474.7
345790.5	4773861.2	1891.2	345788.4	4773859.0	1893.0
346570.8	4774041.7	1792.9	346573.4	4774039.3	1792.6
345880.4	4786610.9	685.6	345883.2	4786608.6	685.6
347050.0	4774881.3	1400.6	347052.7	4774879.0	1400.0
336340.1	4788801.3	1539.0	336337.5	4788798.9	1538.9
328840.6	4797261.3	689.4	328838.1	4797258.9	688.8
332800.4	4805331.6	122.7	332798.1	4805334.1	121.9
347830.1	4793241.3	1364.9	347828.3	4793238.8	1366.6
332350.7	4791201.8	1216.3	332353.1	4791204.1	1217.4
343960.8	4772061.8	1586.1	343963.3	4772059.2	1586.1
335200.7	4789851.3	1361.3	335203.0	4789853.9	1361.0
345820.8	4768851.2	1388.9	345822.9	4768848.5	1388.1
333430.9	4771191.5	1519.1	333428.4	4771193.8	1520.1
347560.4	4780821.6	1709.5	347558.4	4780824.3	1710.8
347980.6	4773111.6	1432.3	347978.2	4773109.2	1431.3
347890.8	4780071.9	2078.1	347892.7	4780068.9	2078.7
324730.6	4800021.8	427.6	324733.2	4800024.0	428.9
336520.3	4777761.5	1305.5	336523.1	4777759.4	1305.1
334960.5	4787481.2	871.4	334963.4	4787479.1	871.0
346570.2	4785111.3	1213.0	346573.2	4785109.4	1212.9
334840.3	4790091.1	1353.7	334837.9	4790088.8	1352.2
343060.1	4792731.4	1249.6	343062.6	4792733.9	1250.1
326170.0	4770441.0	1189.9	326173.0	4770438.9	1189.6
347590.6	4780491.0	2055.0	347593.0	4780488.5	2054.1
343120.4	4769391.3	1266.0	343118.0	4769388.8	1264.8
337480.1	4800141.2	148.1	337482.9	4800143.5	147.7
343060.4	4771521.4	1844.0	343062.6	4771518.5	1844.7
331540.9	4794411.4	833.3	331543.1	4794414.1	834.1
338920.2	4773381.5	1711.2	338922.7	4773378.9	1711.9
342220.8	4793061.6	1069.7	342222.9	4793058.6	1069.6
333220.4	4805781.5	157.0	333223.5	4805783.6	156.9
341320.3	4778361.9	1012.1	341323.0	4778364.1	1011.0
335290.0	4803561.3	393.4	335287.5	4803558.8	394.5
344860.3	4780911.3	833.0	344863.4	4780909.3	832.4
327760.5	4774971.7	1576.0	327763.1	4774973.4	1574.1
348700.7	4769631.7	1278.1	348702.8	4769628.7	1279.0
330070.6	4807281.9	230.7	330068.0	4807283.7	232.6
346240.9	4791111.8	1361.6	346238.4	4791113.7	1363.5
347590.2	4792970.9	1458.7	347593.1	4792968.6	1458.6
332650.7	4765491.6	1092.7	332652.8	4765488.5	1092.3
330550.5	4789941.4	745.0	330553.2	4789943.9	745.6
334990.4	4791711.6	1096.7	334987.6	4791714.1	1097.2
341320.3	4794201.1	1013.3	341317.7	4794198.5	1014.0
339850.9	4776261.7	1207.7	339853.1	4776264.2	1206.0
327190.1	4804941.1	407.6	327188.0	4804938.8	409.6
348790.7	4786851.6	2219.6	348793.3	4786848.9	2219.9
334900.4	4786761.3	969.0	334897.9	4786759.3	970.9
331600.8	4786341.9	990.0	331602.8	4786338.8	990.7
342670.2	4773591.6	1960.0	342667.6	4773589.1	1961.1
343120.1	4795761.2	385.7	343123.2	4795759.1	385.3
331000.6	4783251.9	734.1	331003.2	4783249.1	734.0
335260.6	4794441.9	954.6	335258.2	4794444.2	956.5
330580.1	4790991.2	896.1	330583.2	4790989.2	896.9
325990.4	4802570.9	147.8	325987.5	4802568.7	146.7
338020.6	4765701.6	1568.8	338023.4	4765699.0	1568.5
338560.7	4789011.6	1561.7	338563.4	4789009.0	1561.7
329980.6	4769991.2	1240.4	329978.1	4769989.2	1238.2
342970.4	4775120.9	1901.2	342968.1	4775119.2	1903.7
331600.7	4795491.5	710.4	331603.1	4795494.3	709.4
340870.1	4793151.2	1066.3	340873.3	4793149.0	1066.7
343270.3	4793361.5	1411.5	343273.4	4793359.3	1411.8
345820.4	4803951.2	299.6	345818.3	4803954.2	300.8
339280.0	4792581.3	1109.9	339283.0	4792578.9	1110.0
337000.2	4765881.1	1504.5	336997.7	4765878.6	1506.1
343120.2	4775841.6	1848.7	343122.5	4775838.5	1848.6
332260.8	4795701.2	820.5	332263.3	4795704.0	821.1
342190.1	4781781.7	2085.6	342193.2	4781783.8	2084.8
329050.7	4788501.7	988.0	329053.3	4788498.9	987.4
325450.1	4779561.4	1789.4	325452.7	4779558.5	1789.2
344950.1	4789341.6	1555.8	344948.4	4789338.7	1553.8
332260.6	4792611.2	351.7	332258.0	4792613.6	350.1
334330.6	4792941.1	1061.6	334327.5	4792939.2	1063.0
331180.1	4781391.8	380.5	331178.1	4781388.5	380.0
347200.5	4791801.3	1655.8	347197.5	4791798.9	1656.7
334120.1	4770321.4	1211.0	334117.6	4770324.0	1209.5
347200.2	4779711.7	2085.0	347202.8	4779708.8	2086.0
345190.7	4773891.3	2036.4	345187.9	4773893.7	2037.7
342640.3	4790811.3	1443.1	342638.4	4790814.1	1441.1
347680.3	4780581.8	1970.7	347682.6	4780578.5	1970.9
336130.2	4804641.8	565.5	336133.4	4804644.2	564.6
344440.4	4774671.4	1574.0	344443.4	4774673.9	1573.1
348340.1	4782261.1	2475.1	348342.7	4782263.6	2476.7
347080.5	4776021.1	1293.0	347083.4	4776018.4	1293.7
326440.0	4769631.7	1172.3	326442.9	4769628.9	1172.8
332800.3	4792821.6	969.5	332798.0	4792818.4	970.3
334540.7	4794260.9	951.7	334543.2	4794264.0	952.1
330070.2	4786731.9	247.8	330073.3	4786734.0	246.5
345160.4	4805121.2	82.7	345162.7	4805124.3	81.6
344710.3	4777881.8	1291.5	344707.7	4777879.0	1292.9
335500.5	4795281.3	806.7	335502.6	4795284.3	808.4
344320.3	4787931.5	1730.4	344323.3	4787928.8	1730.6
339940.8	4793091.3	1146.9	339943.2	4793093.7	1149.1
343750.1	4790031.5	1572.4	343753.2	4790028.9	1572.4
341440.6	4800891.2	388.0	341443.3	4800894.1	388.8
331150.5	4776021.5	1364.0	331153.4	4776018.7	1364.0
337570.1	4779921.8	1602.9	337567.9	4779924.1	1600.3
340930.2	4790241.1	1521.6	340927.9	4790238.9	1519.0
344290.2	4798461.4	494.8	344293.3	4798463.7	493.6
337120.3	4790271.1	1376.4	337117.6	4790268.7	1374.4
343900.7	4769151.6	1330.1	343898.4	4769149.0	1328.0
332500.4	4798851.8	534.5	332497.8	4798848.8	535.2
328810.7	4768821.0	1298.0	328807.5	4768819.2	1300.0
345580.5	4798670.9	428.7	345583.4	4798673.5	427.5
346540.9	4788591.6	344.1	346543.2	4788594.3	342.0
345220.1	4796301.8	364.4	345223.2	4796304.3	363.4
343390.9	4768041.7	1411.2	343393.4	4768038.5	1411.1
340570.7	4789820.9	1586.7	340572.5	4789823.7	1584.2
340450.1	4782081.5	2111.4	340453.2	4782078.9	2111.5
346690.0	4766931.3	1257.8	346693.4	4766933.6	1256.9
330160.5	4794410.9	859.2	330162.9	4794413.6	861.2
346750.1	4780161.9	1981.7	346753.0	4780158.9	1981.5
327970.6	4795761.2	113.2	327973.4	4795764.1	112.8
339490.5	4798461.5	350.7	339487.5	4798459.2	348.9
339730.0	4802541.3	631.1	339733.1	4802543.8	632.2
337270.4	4787991.4	1750.1	337268.3	4787993.7	1753.0
341260.3	4792761.2	1004.9	341257.7	4792763.9	1003.0
341140.6	4799721.3	206.7	341142.5	4799724.1	204.3
346150.9	4799211.4	444.2	346148.0	4799208.5	443.4
343150.4	4775690.9	1864.8	343147.8	4775689.2	1867.6
347080.7	4794021.8	1108.2	347077.6	4794024.3	1109.5
327010.8	4788231.0	1043.2	327013.4	4788234.1	1044.5
327310.0	4792521.8	148.5	327313.3	4792523.4	146.4
337330.1	4776651.5	1004.3	337333.3	4776648.8	1004.1
345310.7	4796031.3	386.5	345307.7	4796034.1	385.6
332020.1	4772271.8	1813.6	332023.2	4772268.9	1813.1
326230.0	4765971.8	1282.5	326232.8	4765968.5	1282.2
337540.0	4794291.4	1025.4	337542.9	4794294.3	1026.7
340540.0	4789341.6	1628.5	340543.4	4789344.0	1627.9
337000.3	4794441.6	1012.9	336997.8	4794444.2	1015.2
344590.5	4780851.0	851.7	344592.9	4780854.0	849.9
331840.6	4787211.0	1195.7	331843.4	4787213.8	1197.3
336040.0	4804371.7	578.6	336043.3	4804374.0	577.3
346930.6	4792131.9	1690.0	346928.4	4792128.5	1691.7
333850.3	4789761.0	479.3	333853.1	4789764.2	478.7
341350.2	4782381.2	2137.0	341353.2	4782383.6	2139.1
337840.2	4787151.5	2086.7	337843.2	4787148.4	2086.4
347620.4	4768461.4	1391.3	347622.9	4768464.1	1389.0
329620.8	4773771.0	1809.1	329622.9	4773773.5	1811.9
346030.1	4797831.1	258.9	346032.8	4797834.0	257.0
332680.5	4781781.9	1407.1	332677.5	4781779.4	1409.1
333670.6	4795340.9	781.5	333667.7	4795344.2	782.2
348160.9	4784211.0	2206.4	348163.3	4784214.3	2208.2
344980.4	4792401.8	1590.9	344978.0	4792399.1	1588.4
339460.7	4784721.6	1970.2	339458.2	4784718.8	1967.8
346000.4	4792461.0	1623.5	345998.0	4792464.1	1621.3
335530.4	4771791.7	1191.0	335528.5	4771788.9	1188.1
346390.5	4783790.9	1611.1	346387.8	4783793.6	1613.6
343870.2	4770410.9	1313.7	343873.4	4770414.0	1312.8
345130.2	4792011.5	1548.1	345133.2	4792014.3	1550.1
345670.9	4767201.8	1293.3	345667.5	4767198.7	1292.9
341470.3	4778301.8	999.4	341473.3	4778298.4	999.6
345790.2	4776081.2	1432.3	345788.2	4776079.3	1428.7
328690.9	4777341.6	1471.9	328687.6	4777338.5	1472.5
348280.1	4793691.1	1130.2	348283.1	4793694.1	1128.5
345640.0	4788381.3	1147.1	345637.6	4788384.1	1149.9
340780.6	4781541.0	2278.9	340782.9	4781544.1	2281.5
344170.2	4798791.4	445.2	344173.3	4798794.4	443.3
335860.2	4785861.0	1230.0	335862.9	4785864.2	1232.1
327550.1	4792040.9	158.9	327552.6	4792044.0	156.3
327220.1	4796751.4	203.1	327223.1	4796754.1	205.6
336700.2	4766811.1	1257.2	336698.4	4766813.7	1260.7
343930.6	4793061.8	1467.5	343928.1	4793064.0	1464.1
327250.2	4791681.4	429.2	327253.4	4791684.4	431.1
341770.6	4775901.1	1687.2	341768.0	4775904.4	1689.6
336280.4	4788291.3	1682.4	336283.4	4788294.3	1684.7
343030.7	4793601.1	1264.9	343028.1	4793603.9	1267.8
342610.6	4793781.7	892.5	342607.9	4793784.4	895.5
337390.0	4803260.9	645.0	337392.9	4803264.3	647.0
333910.9	4766721.8	1249.8	333907.7	4766723.8	1253.0
348280.3	4793751.3	1150.2	348278.2	4793753.7	1154.0
332920.5	4792220.9	364.4	332922.7	4792223.9	361.1
347711.0	4767561.0	1660.0	347708.1	4767564.0	1662.6
347350.1	4771401.5	1387.6	347353.4	4771403.9	1384.8
344801.0	4791921.5	1478.1	344797.7	4791924.4	1475.7
339970.2	4782261.0	2176.3	339967.6	4782263.6	2179.7
344170.9	4803711.6	617.9	344167.8	4803713.7	621.3
326050.2	4770471.8	1219.5	326047.5	4770469.4	1223.0
328930.5	4773141.7	1829.5	328927.7	4773144.0	1832.9
326230.2	4774251.3	1886.4	326228.1	4774254.1	1890.1
325840.8	4773170.9	1705.7	325842.9	4773174.3	1708.9
340240.9	4765761.0	1926.0	340242.7	4765764.1	1929.6
344650.3	4784421.4	891.1	344648.0	4784424.2	894.8
344290.7	4774431.6	1591.4	344287.9	4774433.5	1587.5
344350.7	4787721.1	1782.3	344348.3	4787724.0	1785.9
329050.3	4773741.3	1751.9	329053.3	4773743.6	1755.6
343330.9	4792431.1	1241.6	343328.1	4792434.0	1238.0
343090.6	4796511.1	876.7	343087.5	4796514.1	879.9
334360.3	4771941.3	1435.3	334363.2	4771944.4	1438.7
332740.9	4781301.1	1418.8	332738.1	4781304.0	1422.6
341470.2	4781481.2	2254.7	341472.7	4781484.1	2258.8
335980.9	4794591.1	899.4	335978.0	4794593.4	895.2
329860.8	4787211.1	470.3	329863.4	4787214.1	474.8
341380.9	4781661.6	2340.7	341378.1	4781659.3	2345.5
336730.3	4784510.9	963.5	336733.4	4784513.7	959.0
346570.9	4780851.2	1622.5	346568.3	4780849.4	1627.7
345700.6	4786851.4	433.5	345702.7	4786854.1	428.4
335410.6	4788801.2	1430.8	335413.4	4788804.0	1435.7
346540.8	4770531.8	1930.2	346537.5	4770529.1	1935.0
340360.1	4784511.1	2069.0	340363.1	4784514.3	2064.4
344950.5	4784991.1	944.7	344948.1	4784988.8	950.3
330520.3	4771101.0	1332.8	330523.4	4771104.1	1328.1
340660.5	4785111.6	2579.2	340657.7	4785114.3	2584.4
327970.9	4791591.3	378.1	327973.2	4791594.0	383.6
346600.4	4789311.3	350.7	346598.1	4789309.0	345.0
341620.3	4782501.6	1997.8	341617.6	4782503.7	1991.9
336280.9	4776501.9	939.1	336277.6	4776498.8	944.3
348370.7	4799150.9	321.2	348372.7	4799144.4	320.4
331330.7	4793841.0	776.8	331332.6	4793834.4	777.2
343600.5	4805301.8	209.9	343598.3	4805308.6	210.4
342220.9	4775361.6	1845.8	342227.6	4775364.1	1846.4
344860.1	4798340.9	574.3	344862.7	4798334.3	573.7
338020.7	4785801.1	1838.9	338022.5	4785794.2	1837.8
348730.8	4773861.6	1706.6	348737.7	4773863.6	1707.3
347920.4	4791831.0	1528.2	347922.9	4791824.3	1527.8
339640.9	4803261.2	732.3	339642.5	4803254.3	733.6
338620.0	4786461.8	2043.1	338613.2	4786463.9	2044.3
341950.4	4796331.0	909.3	341952.5	4796333.7	915.7
343000.8	4782171.7	1936.2	343002.9	4782178.5	1934.7
346600.0	4792191.3	1636.8	346597.7	4792193.4	1630.2
334721.0	4799660.9	166.0	334727.7	4799658.7	164.1
341140.1	4798221.4	520.2	341133.4	4798218.5	519.1
326620.9	4789401.6	431.5	326623.2	4789408.5	430.9
339580.3	4790421.3	1449.9	339582.6	4790414.4	1451.0
341260.3	4788111.0	1883.6	341262.5	4788104.1	1884.9
345640.7	4793541.3	1442.9	345642.8	4793534.2	1443.6
342580.1	4774821.1	1899.0	342573.3	4774823.8	1899.9
347020.6	4779891.2	2148.8	347023.0	4779884.3	2150.3
343600.9	4769840.9	1288.3	343602.6	4769833.7	1287.5
339970.9	4787721.0	1848.8	339977.7	4787718.4	1847.3
340330.5	4781901.9	2109.3	340337.6	4781904.1	2110.7
346840.9	4781931.8	1653.8	346842.8	4781933.5	1660.8
340480.0	4777671.1	1084.1	340473.0	4777668.9	1082.8
339640.6	4792341.1	1197.0	339647.8	4792338.8	1197.0
337150.5	4787451.1	2015.8	337152.9	4787444.1	2016.7
337960.2	4785440.9	1932.9	337953.3	4785443.6	1933.9
325270.7	4778061.8	1635.3	325267.7	4778068.7	1635.3
338380.7	4778001.3	1766.4	338382.5	4777994.1	1767.5
333880.4	4806081.0	174.3	333882.9	4806074.0	173.1
345910.3	4769241.1	1444.0	345908.3	4769234.3	1441.5
340450.4	4782771.4	2111.3	340448.3	4782764.4	2112.9
337450.8	4793451.4	1058.7	337452.6	4793458.5	1057.0
338560.8	4769301.5	1234.4	338567.9	4769299.1	1235.0
337210.4	4793691.4	1011.1	337212.7	4793684.2	1012.1
338080.3	4791201.8	1302.1	338082.9	4791208.5	1304.5
345370.9	4777011.3	1364.0	345373.1	4777018.5	1364.3
336880.9	4786611.8	1481.5	336877.8	4786613.8	1474.9
343480.7	4789041.6	1618.6	343482.7	4789034.4	1617.5
345610.4	4791981.2	1563.0	345617.6	4791979.2	1561.9
345490.5	4768911.2	1558.3	345497.5	4768913.6	1559.9
339160.7	4775511.3	1351.3	339167.9	4775509.3	1350.4
336670.0	4779921.9	1783.1	336673.4	4779928.6	1783.0
343420.0	4775900.9	1772.3	343417.9	4775894.4	1775.5
344950.5	4803471.6	131.8	344948.0	4803478.7	130.5
344050.0	4787780.9	1933.4	344047.5	4787774.1	1935.5
340600.7	4768371.5	1231.1	340603.0	4768364.3	1230.2
343750.8	4788831.5	1581.3	343743.4	4788829.4	1580.9
337870.5	4786371.0	1662.8	337872.7	4786363.8	1662.0
348430.0	4782411.6	2536.6	348432.9	4782418.4	2538.6
333580.7	4803171.2	138.6	333587.9	4803173.6	137.7
333610.9	4803231.6	138.1	333612.5	4803224.2	137.7
325360.9	4775901.1	1979.8	325357.8	4775894.2	1980.0
333130.9	4793151.0	966.0	333133.0	4793143.8	967.6
348250.5	4767321.4	1565.6	348243.4	4767324.0	1566.8
342400.1	4789851.2	1451.3	342398.3	4789844.0	1449.7
339700.4	4776921.3	1192.6	339693.1	4776923.9	1193.2
329080.8	4805781.1	262.2	329087.9	4805783.8	263.5
328330.8	4771761.1	1792.8	328338.2	4771759.0	1793.2
343900.6	4793091.0	1480.5	343902.6	4793083.7	1481.7
339280.8	4786461.1	2384.6	339283.4	4786454.1	2386.4
339610.3	4790691.0	1369.2	339617.6	4790688.6	1368.8
332800.7	4784181.5	1462.8	332808.0	4784184.0	1461.7
344770.9	4799451.9	573.3	344778.2	4799454.1	574.3
342310.7	4785591.4	1803.3	342312.5	4785584.1	1804.9
340210.3	4782261.4	2122.8	340212.6	4782254.1	2123.2
331510.4	4787661.6	1038.3	331517.6	4787664.0	1037.1
345070.7	4784331.0	550.4	345078.0	4784328.8	549.1
337270.8	4790151.3	1423.0	337272.8	4790143.8	1423.5
341380.3	4788051.6	1841.5	341373.2	4788048.5	1840.4
345190.1	4804821.7	174.9	345182.7	4804823.7	175.7
333280.5	4783281.1	1548.3	333287.8	4783278.5	1547.7
344740.7	4780911.3	841.2	344733.3	4780913.6	841.1
343540.2	4792431.0	1266.4	343542.6	4792423.9	1264.5
346000.7	4787361.5	409.1	346002.7	4787354.1	408.4
347500.8	4783371.0	2225.5	347503.4	4783373.7	2232.2
341920.1	4790661.2	1344.9	341912.9	4790663.8	1343.6
336940.9	4776561.5	945.9	336947.9	4776559.0	943.4
343000.8	4796871.6	770.0	343007.9	4796873.7	767.7
337120.4	4792011.1	1061.3	337117.6	4792003.9	1062.0
329260.9	4776951.2	1139.3	329268.1	4776954.1	1138.6
334120.1	4789431.6	520.5	334122.8	4789438.7	518.7
348220.8	4770741.7	1314.2	348227.8	4770739.1	1312.2
330640.3	4805511.0	70.6	330642.7	4805503.7	69.8
338021.0	4779321.4	1799.6	338027.9	4779324.1	1801.7
345040.4	4784031.2	577.1	345033.4	4784028.6	579.6
346870.2	4790121.4	660.6	346867.8	4790114.2	662.4
340180.3	4773471.1	1756.1	340187.6	4773473.5	1757.5
345430.2	4800771.1	300.3	345423.2	4800774.1	298.2
338530.9	4785261.1	2088.8	338538.3	4785258.7	2089.8
343570.6	4798191.2	598.9	343577.9	4798188.7	599.9
329410.1	4774821.8	1706.8	329412.7	4774828.6	1709.7
334570.2	4807641.8	765.7	334568.5	4807634.3	764.1
339610.7	4778901.2	1475.6	339618.1	4778898.9	1476.5
340030.0	4768251.4	1527.8	340022.9	4768248.7	1530.1
342190.1	4788141.0	1851.8	342193.0	4788133.8	1852.7
345520.3	4793601.0	1442.7	345513.2	4793604.1	1442.2
335080.1	4773680.9	1502.6	335077.9	4773673.4	1503.0
336460.0	4790511.7	1414.1	336453.1	4790509.1	1416.7
329830.2	4800411.7	183.8	329833.1	4800418.6	181.4
341170.6	4787301.8	2034.6	341172.6	4787309.2	2032.9
332920.4	4785501.1	1469.9	332922.6	4785493.7	1468.5
328360.3	4784841.5	919.8	328363.3	4784834.2	920.0
337210.8	4793781.3	1002.5	337218.0	4793784.2	1004.0
344800.2	4789911.3	1474.5	344807.7	4789913.7	1473.5
345250.9	4790811.7	1224.3	345258.3	4790809.2	1223.6
347710.7	4797501.7	220.3	347718.2	4797503.5	218.8
331240.8	4782681.4	340.9	331248.0	4782678.6	339.0
340090.3	4783371.0	2138.9	340088.1	4783363.6	2137.7
346540.8	4765731.2	1830.4	346543.1	4765723.9	1832.2
345010.4	4786341.5	478.0	345002.8	4786343.5	478.1
342490.0	4765821.3	1477.3	342488.1	4765814.1	1474.7
341770.1	4778391.8	985.4	341777.6	4778389.3	984.6
329770.7	4807101.3	26.2	329763.3	4807104.1	25.5
330190.7	4770231.8	1261.4	330197.9	4770229.1	1259.5
334870.6	4807701.7	798.8	334877.8	4807704.2	801.0
338650.4	4806171.2	548.8	338657.7	4806168.7	547.2
337870.9	4785891.7	1819.3	337868.1	4785899.0	1817.9
345280.6	4767711.5	1322.6	345287.7	4767708.4	1320.7
342250.7	4781631.2	2168.3	342248.2	4781623.9	2170.2
336820.4	4766811.3	1257.0	336818.0	4766803.8	1258.1
327970.4	4802001.0	56.7	327963.0	4802003.7	56.1
337630.5	4776591.4	1062.1	337638.0	4776588.9	1061.8
346000.5	4777611.3	1109.4	345998.1	4777618.8	1108.3
327790.6	4802031.6	57.9	327793.4	4802024.4	56.5
329500.9	4782261.4	1252.3	329497.9	4782254.1	1253.2
327340.9	4766271.6	1295.6	327348.3	4766269.0	1296.7
330790.6	4767531.5	1318.7	330798.0	4767528.9	1320.1
331420.6	4789371.0	534.1	331422.5	4789363.5	536.3
328930.7	4768221.1	1360.6	328923.4	4768218.8	1362.9
340900.5	4790300.9	1544.0	340893.1	4790303.9	1543.9
346570.2	4789221.2	340.5	346567.9	4789224.1	333.5
335740.1	4793931.6	1002.0	335737.5	4793938.7	1004.3
344350.6	4773441.8	1908.1	344358.1	4773443.5	1910.5
342310.2	4769181.0	1250.3	342307.6	4769173.6	1248.7
337150.3	4771101.5	1597.6	337157.6	4771098.6	1599.2
345430.1	4791381.4	1370.9	345432.9	4791374.0	1369.7
337330.3	4792011.3	1064.3	337337.6	4792008.6	1065.9
329410.6	4776441.5	1599.2	329418.0	4776444.3	1600.6
343960.3	4773471.7	1911.6	343952.7	4773473.8	1912.5
343000.7	4769361.8	1263.6	343008.2	4769364.3	1262.2
334960.7	4799001.6	292.7	334962.8	4799009.1	294.7
330700.8	4800681.5	263.6	330702.9	4800673.8	264.2
344800.4	4795341.5	769.0	344803.1	4795349.0	770.4
348520.7	4770231.6	1292.3	348522.8	4770239.3	1292.0
342100.1	4785381.1	1870.3	342102.6	4785373.6	1869.1
333640.4	4765671.0	1215.4	333643.5	4765663.5	1216.3
343120.1	4775271.5	1900.5	343118.2	4775263.9	1902.6
338380.9	4772691.1	1779.8	338373.2	4772688.8	1780.6
331900.3	4783701.3	828.9	331907.6	4783698.9	831.4
346450.3	4793001.7	1612.6	346457.6	4792998.7	1614.0
337780.1	4798281.6	219.0	337772.6	4798284.3	218.2
344320.7	4774491.3	1586.8	344322.8	4774498.4	1583.7
327040.2	4767590.9	1253.0	327048.1	4767589.3	1253.7
333040.0	4790271.6	1085.8	333032.8	4790268.9	1088.3
342190.6	4782201.8	2250.7	342193.3	4782194.3	2252.3
339910.3	4786881.4	2060.2	339908.3	4786873.8	2058.4
337750.5	4800201.2	153.6	337753.2	4800193.6	152.5
334270.5	4777011.7	651.9	334273.0	4777004.2	650.3
336370.6	4804401.3	577.2	336378.2	4804398.9	578.7
334150.5	4801101.8	116.7	334142.8	4801104.3	115.5
340450.4	4806291.6	140.1	340458.1	4806289.1	139.3
347860.7	4790151.0	304.2	347857.6	4790143.5	303.9
335560.6	4803321.9	336.3	335568.1	4803319.1	337.7
331780.1	4781031.4	1119.3	331777.9	4781024.3	1122.6
345730.4	4792641.3	1580.5	345723.1	4792643.6	1578.0
340900.5	4787901.8	1923.9	340902.6	4787893.9	1924.5
346000.7	4777071.9	1189.7	346003.3	4777064.2	1188.7
336220.0	4789341.8	1466.3	336227.7	4789339.1	1465.7
327490.6	4787541.5	1271.9	327498.0	4787538.8	1273.9
344110.5	4801041.3	329.1	344118.1	4801038.5	328.6
332830.6	4769451.6	1415.7	332838.1	4769448.4	1416.9
337900.7	4793540.9	1169.8	337898.4	4793533.8	1173.1
335620.3	4806591.0	687.1	335613.2	4806593.5	690.3
339790.2	4803141.5	665.4	339797.8	4803138.8	664.0
330250.3	4781571.9	1206.5	330257.7	4781573.4	1209.4
343510.2	4788381.6	1696.4	343517.9	4788378.9	1697.8
331240.6	4791981.8	1106.9	331242.6	4791989.4	1109.3
337570.0	4794741.2	919.4	337572.9	4794734.2	916.1
346600.5	4802721.4	449.9	346607.8	4802723.5	446.8
327160.6	4776051.5	1694.4	327153.1	4776053.5	1697.0
340180.6	4784961.7	2392.8	340183.3	4784954.1	2394.3
338110.1	4770081.7	1188.3	338108.0	4770073.8	1187.7
327520.9	4774881.7	1662.7	327518.2	4774874.2	1664.6
341260.2	4785261.1	2421.2	341257.6	4785258.6	2428.6
331030.9	4787481.0	1134.7	331023.1	4787478.4	1135.0
346870.2	4788531.4	790.5	346867.5	4788538.7	793.3
336280.7	4788651.6	1615.5	336283.3	4788643.8	1616.5
333550.4	4803111.8	138.7	333558.3	4803113.5	137.3
333280.3	4789821.6	1057.4	333283.0	4789813.8	1058.3
330130.3	4784661.5	778.6	330133.1	4784653.7	779.2
346390.5	4768850.9	1621.3	346393.2	4768858.7	1622.5
338110.2	4800561.7	152.9	338113.4	4800554.3	151.2
339190.6	4783791.7	1755.7	339198.4	4783789.3	1757.2
333040.3	4785141.7	1665.1	333047.7	4785139.1	1667.6
342220.2	4773531.7	1983.4	342228.0	4773534.0	1984.9
347770.9	4781901.0	1918.0	347767.5	4781894.0	1915.1
340930.2	4784541.8	1940.6	340938.2	4784543.5	1939.9
329230.7	4774341.6	1806.3	329238.2	4774338.6	1808.1
340180.7	4765791.6	1923.0	340172.8	4765794.2	1922.9
335530.5	4783401.4	1803.1	335533.2	4783393.6	1802.0
339070.8	4790271.4	1390.5	339073.3	4790263.6	1389.1
340060.3	4792581.1	1246.3	340052.6	4792578.7	1248.3
333970.9	4770951.7	1249.8	333973.5	4770943.9	1248.5
337990.4	4770261.1	1255.3	337988.1	4770269.1	1256.5
327280.8	4767231.2	1160.3	327283.0	4767239.0	1158.3
327550.1	4807581.4	279.3	327557.6	4807584.1	281.9
337930.7	4788081.5	1725.6	337922.9	4788083.4	1723.4
341800.0	4803441.7	822.5	341807.9	4803444.3	823.5
329230.2	4804791.0	212.6	329222.8	4804794.1	210.4
345220.1	4790661.3	1242.4	345223.2	4790668.8	1240.7
344740.7	4802211.7	205.4	344748.1	4802214.1	202.4
341890.1	4773441.2	1965.6	341898.1	4773443.4	1966.8
341950.2	4774341.6	1667.0	341952.6	4774348.7	1663.4
344680.3	4792011.3	1487.3	344678.2	4792003.6	1489.7
346090.8	4783731.3	1172.9	346098.1	4783728.4	1170.1
345040.0	4789281.8	1536.8	345033.2	4789283.4	1532.2
344740.1	4785351.6	1166.7	344732.6	4785353.4	1170.0
346240.0	4793931.6	1320.9	346247.7	4793934.0	1318.8
346630.6	4787991.2	726.4	346633.2	4787983.9	729.3
330850.7	4766901.0	1215.5	330842.9	4766899.1	1217.9
333520.9	4792791.5	1034.1	333518.3	4792783.6	1035.5
330910.6	4783191.4	700.0	330908.2	4783198.9	702.9
333670.9	4783221.9	1516.4	333673.3	4783213.9	1515.1
340660.6	4787091.6	2165.8	340662.6	4787083.5	2166.4
344110.2	4800500.9	283.5	344118.3	4800499.3	282.1
348250.6	4780251.5	2063.0	348258.4	4780254.2	2064.4
346600.5	4794621.9	1062.0	346602.7	4794629.0	1065.9
326680.2	4780731.6	1398.8	326683.4	4780723.8	1399.1
341231.0	4781841.8	2349.9	341227.7	4781834.3	2351.7
327940.4	4785081.4	595.7	327948.3	4785079.0	594.5
348520.5	4786821.7	2095.2	348528.1	4786818.4	2096.2
326380.1	4797741.9	418.2	326377.6	4797734.0	419.9
336190.6	4778721.6	1499.7	336198.1	4778718.8	1502.1
348340.1	4784781.5	1879.2	348342.5	4784773.6	1877.8
340780.4	4790241.7	1549.6	340772.8	4790238.4	1551.4
338500.3	4784781.5	2163.4	338508.3	4784779.3	2164.8
339070.7	4805871.1	445.8	339062.6	4805868.7	446.6
346810.2	4793361.4	1498.6	346818.1	4793363.9	1499.7
347200.4	4790091.6	313.5	347197.9	4790084.2	310.4
328390.8	4801940.9	60.2	328382.7	4801938.9	59.0
338170.4	4792191.1	1102.1	338162.6	4792194.0	1103.2
340660.6	4806321.6	141.4	340652.7	4806318.6	142.2
338770.5	4797351.1	276.9	338778.3	4797354.0	275.8
348550.4	4806741.1	555.0	348558.3	4806744.0	554.5
341830.7	4783521.8	1886.9	341827.5	4783529.1	1889.6
331270.6	4798311.0	396.7	331272.8	4798318.6	399.7
343450.4	4772331.4	1576.7	343452.9	4772323.7	1574.4
326500.2	4769781.1	1215.0	326508.1	4769778.7	1216.9
333070.2	4790211.4	1086.8	333067.9	4790219.1	1089.5
335890.5	4785441.1	902.9	335898.4	4785439.1	900.7
346390.1	4793151.2	1623.3	346398.0	4793154.1	1624.1
333550.1	4775631.5	1275.3	333557.8	4775629.0	1277.6
341920.5	4790121.0	1422.4	341912.8	4790118.7	1425.0
347590.8	4771881.8	1677.2	347592.5	4771873.6	1678.5
342910.9	4774401.0	2010.4	342918.5	4774403.6	2013.4
336160.8	4790901.7	1341.1	336163.3	4790894.0	1338.6
344890.3	4802361.3	203.1	344888.5	4802369.3	200.8
338350.4	4786641.6	1929.0	338353.4	4786633.7	1927.9
345700.9	4792161.7	1626.4	345702.7	4792169.1	1622.7
339700.5	4795371.7	899.6	339703.3	4795363.7	900.2
346030.6	4777551.0	1111.8	346032.6	4777559.0	1109.7
339190.3	4797801.9	561.3	339193.4	4797794.2	563.2
336460.0	4801161.0	137.1	336468.3	4801159.1	136.5
346720.8	4768791.0	1451.8	346722.6	4768783.5	1448.2
330940.7	4793781.7	633.7	330943.0	4793773.5	634.3
336400.6	4794591.3	971.5	336393.2	4794589.1	975.0
329410.9	4805421.4	164.7	329408.0	4805413.4	164.0
325390.1	4806381.1	118.3	325393.2	4806388.9	116.3
330430.0	4789161.0	445.0	330423.3	4789163.4	449.9
343810.7	4773951.2	1773.1	343807.5	4773943.6	1775.6
347440.5	4791891.1	1641.1	347438.4	4791898.7	1644.6
330190.7	4786161.0	264.8	330188.2	4786164.1	257.1
336130.8	4804761.4	590.2	336123.2	4804763.9	593.5
325930.4	4770501.0	1215.4	325932.8	4770509.1	1217.1
338350.3	4775541.4	1534.5	338353.4	4775533.5	1535.9
331840.8	4784661.2	1385.4	331832.8	4784664.3	1386.1
341740.4	4782711.8	2085.0	341748.4	4782708.9	2086.4
344500.0	4796331.7	478.0	344508.3	4796333.8	479.5
337450.6	4807941.7	568.8	337453.3	4807933.7	567.0
341380.4	4787991.1	1855.3	341388.4	4787994.1	1856.9
336280.2	4788921.7	1546.9	336278.4	4788913.6	1544.5
336220.5	4791051.3	1357.6	336217.8	4791059.2	1360.0
326920.4	4804821.3	397.5	326912.6	4804823.4	400.9
339910.0	4785141.9	2413.5	339912.7	4785148.8	2417.9
338140.2	4787901.5	1742.7	338143.1	4787909.3	1740.2
325420.2	4769481.7	1368.2	325428.2	4769479.3	1370.8
338200.5	4769601.8	1167.9	338202.8	4769593.5	1166.5
348100.1	4793361.8	1288.9	348097.7	4793354.1	1285.8
344230.1	4786401.7	972.1	344228.1	4786393.8	975.1
330310.2	4779771.7	470.6	330307.6	4779763.5	469.0
336160.7	4794621.6	902.2	336163.2	4794628.9	898.2
337750.6	4788141.0	1748.6	337752.8	4788149.3	1750.2
342490.0	4790181.5	1443.6	342493.3	4790173.4	1442.8
344290.8	4792401.1	1494.4	344292.9	4792408.4	1490.0
333370.3	4778121.7	544.9	333367.6	4778113.6	543.0
335200.4	4786881.4	780.0	335197.5	4786873.6	782.5
340780.4	4777911.7	1055.1	340783.0	4777903.4	1053.7
348460.2	4785951.6	2202.9	348462.9	4785943.4	2204.3
344530.2	4780821.8	855.2	344532.9	4780813.5	854.6
348460.9	4794981.1	980.4	348452.8	4794983.5	982.8
345910.0	4779681.7	1319.7	345907.7	4779674.0	1323.4
339790.9	4790841.2	1369.8	339782.6	4790838.7	1371.5
337060.5	4793811.9	970.6	337063.1	4793819.3	974.7
341020.9	4781871.7	2291.9	341018.1	4781863.4	2293.7
344200.8	4787151.8	1294.1	344203.4	4787143.8	1296.7
345820.4	4785231.8	699.0	345817.6	4785223.9	701.8
348040.5	4793061.6	1404.4	348038.1	4793069.3	1400.6
330580.2	4773861.8	1541.9	330582.7	4773854.0	1545.1
346630.9	4770711.2	1881.2	346628.3	4770703.5	1877.6
332950.0	4778451.0	520.6	332947.6	4778459.4	519.0
325480.9	4770321.1	1296.1	325477.8	4770313.9	1300.2
335680.8	4793691.4	1068.7	335672.6	4793694.4	1070.2
342760.4	4782111.4	2189.1	342763.0	4782104.3	2193.8
337270.2	4778361.1	1421.4	337278.2	4778359.3	1425.0
340960.0	4771701.1	1720.2	340958.1	4771694.4	1725.8
336610.6	4789251.1	1479.4	336602.5	4789249.0	1476.0
331090.0	4781001.8	390.7	331098.4	4780999.2	388.3
344800.4	4790001.1	1465.8	344797.7	4790009.1	1462.6
336160.2	4791021.4	1333.6	336162.5	4791013.9	1329.1
332200.7	4797951.4	140.5	332208.3	4797954.1	144.6
340060.1	4777941.7	1113.0	340062.9	4777949.3	1109.0
345130.9	4800981.4	278.2	345122.6	4800984.0	275.9
339640.8	4785711.6	2348.0	339633.3	4785714.0	2352.4
333940.7	4792731.1	1032.7	333937.5	4792739.3	1034.8
345040.2	4801071.1	274.2	345032.9	4801073.7	269.3
345820.3	4791381.8	1455.7	345822.7	4791373.9	1459.5
327730.7	4791861.4	252.7	327728.4	4791868.9	257.4
337420.1	4788171.6	1718.6	337417.7	4788179.2	1723.2
335380.6	4794861.1	870.3	335382.5	4794869.1	874.2
337720.0	4797441.7	606.5	337723.0	4797449.3	610.5
345100.1	4791831.3	1479.1	345092.8	4791833.5	1474.0
344050.8	4800981.2	315.6	344058.4	4800984.0	311.1
329950.5	4779591.5	1094.4	329942.6	4779593.6	1098.6
341890.9	4799511.1	229.3	341888.2	4799519.4	226.2
346300.2	4788201.8	367.3	346303.1	4788193.4	364.4
331390.6	4808000.9	153.2	331392.7	4808008.6	148.2
347980.5	4783191.6	2454.4	347978.5	4783184.1	2459.6
342670.2	4782651.1	1913.5	342667.9	4782648.7	1904.8
347050.9	4802001.0	356.4	347042.6	4802004.1	353.5
330250.7	4785831.0	266.2	330247.5	4785839.3	263.3
343270.8	4793391.7	1436.9	343273.1	4793398.7	1442.7
340060.4	4765821.7	1924.0	340062.8	4765813.6	1928.1
347410.6	4792281.5	1536.1	347403.1	4792279.2	1530.8
327100.9	4788141.0	1052.6	327097.7	4788133.8	1057.8
345940.1	4782471.4	938.2	345943.3	4782478.6	943.3
339190.9	4806741.6	192.4	339198.3	4806739.0	197.8
334960.6	4797051.4	704.3	334963.4	4797058.8	709.5
340420.3	4785021.2	2438.2	340427.6	4785023.6	2443.7
337450.6	4779351.7	1835.3	337448.2	4779343.6	1839.7
330940.6	4776021.5	1420.9	330938.2	4776028.8	1426.6
346000.9	4791531.3	1430.5	345997.5	4791523.6	1426.1
343360.9	4795070.9	1038.9	343368.0	4795074.0	1044.7
335050.6	4789821.2	1371.5	335042.6	4789819.3	1366.4
329140.9	4794651.4	141.7	329143.2	4794659.4	136.8
331000.3	4775391.8	1226.4	330997.8	4775383.7	1231.1
330460.4	4806441.5	41.7	330467.9	4806443.8	36.0
346420.0	4792221.4	1683.2	346427.5	4792223.8	1677.5
337000.5	4776591.8	953.9	336993.1	4776589.2	948.1
326410.6	4792371.3	575.7	326417.9	4792369.3	581.8
330610.1	4806321.9	46.6	330603.3	4806323.5	39.7
325780.8	4774581.8	2134.4	325772.8	4774578.7	2139.2
344530.1	4785321.5	1221.8	344537.9	4785319.4	1227.3
348430.2	4794831.0	1008.6	348433.2	4794838.4	1014.4
326080.9	4768971.7	1246.6	326087.6	4768978.6	1249.0
345070.7	4792401.3	1594.9	345072.7	4792409.0	1589.0
337150.7	4788081.4	1727.1	337157.9	4788074.3	1726.7
328120.7	4774881.0	1632.2	328128.3	4774874.4	1633.0
328960.7	4804641.3	316.0	328967.5	4804633.9	316.1
336430.9	4777101.8	943.0	336438.2	4777108.7	943.9
327311.0	4804431.0	406.8	327317.6	4804438.6	407.1
344170.9	4765671.7	1304.1	344177.6	4765664.3	1302.6
342190.8	4790961.0	1314.7	342197.5	4790953.5	1313.4
328690.2	4805541.1	121.0	328683.0	4805534.0	119.1
348640.5	4772781.1	1396.0	348633.3	4772774.2	1394.2
345730.7	4785171.7	607.0	345737.6	4785164.2	607.4
326980.1	4792041.3	549.1	326977.6	4792034.3	556.2
333280.0	4780521.3	1097.8	333273.3	4780523.9	1105.1
344350.3	4789071.4	1529.6	344343.2	4789064.0	1529.0
343960.2	4770921.5	1379.2	343953.3	4770929.1	1378.4
343420.5	4796661.4	753.3	343413.2	4796664.2	760.1
336610.2	4804311.0	582.6	336618.0	4804304.2	583.0
341200.9	4797591.1	518.3	341208.2	4797598.5	517.6
347080.5	4771491.3	1397.1	347073.0	4771484.1	1396.3
331990.4	4804730.9	551.9	331998.1	4804724.1	553.3
345220.4	4793031.8	1542.5	345228.0	4793038.8	1543.5
345490.3	4798521.7	464.0	345483.1	4798514.3	465.1
341830.7	4773381.3	1968.3	341833.0	4773389.0	1974.9
348550.2	4792581.0	1633.2	348543.2	4792574.1	1636.5
340150.4	4781361.8	1899.9	340152.9	4781353.4	1905.5
332140.6	4772511.0	1829.4	332147.6	4772518.4	1831.7
334210.6	4795371.5	742.2	334218.0	4795364.1	743.1
343060.4	4793931.1	1340.3	343068.0	4793934.2	1346.8
346270.5	4789941.3	1011.7	346268.4	4789933.6	1018.4
345820.7	4777761.0	1104.0	345828.1	4777753.8	1102.4
347170.3	4780281.4	2019.5	347162.5	4780279.0	2026.0
327730.6	4767771.6	1149.3	327738.0	4767764.3	1150.6
338890.9	4786131.3	2051.7	338897.5	4786138.6	2048.0
339910.5	4788771.2	1501.5	339918.1	4788764.1	1500.0
334990.7	4805331.2	198.8	334997.8	4805323.5	198.0
339250.7	4773111.4	1832.5	339247.7	4773104.0	1839.3
325570.9	4787931.8	1215.3	325577.9	4787924.3	1217.3
327310.9	4800531.7	119.4	327303.3	4800538.6	117.2
328120.7	4787661.2	1426.0	328117.9	4787668.9	1432.7
342910.7	4789521.2	1523.8	342918.3	4789514.4	1521.3
326530.6	4767111.4	1192.5	326523.3	4767103.7	1192.3
344740.6	4787211.6	1143.6	344748.1	4787209.2	1150.7
348400.3	4782351.7	2529.4	348398.4	4782354.3	2539.4
336160.1	4790091.3	1037.3	336167.9	4790084.2	1036.6
330670.6	4803891.8	444.4	330677.6	4803883.9	445.7
344590.2	4799271.8	620.5	344597.7	4799279.3	621.2
339790.2	4784361.5	2043.1	339797.9	4784354.2	2044.0
346600.2	4779921.1	1848.4	346593.4	4779913.9	1852.1
347650.5	4792401.3	1479.8	347658.1	4792393.9	1478.9
333880.0	4771371.5	1295.0	333887.5	4771364.1	1293.9
335410.2	4777611.9	1254.5	335402.7	4777604.3	1255.4
338170.9	4805511.8	327.7	338177.7	4805504.0	325.1
336190.3	4793601.4	926.9	336197.6	4793593.7	927.9
339790.9	4793721.6	1075.3	339798.4	4793714.1	1076.5
345610.1	4770411.3	2041.1	345603.2	4770403.7	2044.0
346120.0	4767921.4	1340.3	346112.9	4767928.4	1336.6
342100.9	4790271.9	1447.1	342108.4	4790264.3	1446.8
338890.0	4769271.1	1154.4	338882.9	4769279.1	1153.9
347140.9	4788321.5	947.3	347147.8	4788313.6	949.6
339820.5	4788741.8	1509.8	339812.6	4788748.8	1511.5
337000.8	4778391.4	1472.6	337008.1	4778399.2	1474.0
337300.2	4792641.1	1220.4	337308.4	4792634.1	1221.3
329560.7	4771971.7	1379.7	329567.6	4771963.8	1377.1
331090.9	4794141.2	823.1	331097.8	4794148.6	826.9
340030.5	4793391.3	1077.5	340023.0	4793398.9	1075.7
330100.8	4779171.2	561.7	330107.5	4779179.1	558.7
341590.9	4796121.7	978.1	341598.0	4796113.9	980.3
343870.6	4794110.9	1236.0	343878.2	4794118.4	1234.2
337150.3	4787511.2	2023.5	337157.8	4787518.8	2025.2
344080.2	4790331.5	1492.3	344088.1	4790324.1	1491.0
347110.8	4768971.5	1418.0	347118.1	4768963.4	1417.7
338500.5	4772811.6	1786.9	338492.7	4772804.1	1786.1
328810.5	4766751.0	1130.0	328818.2	4766758.7	1129.6
339910.3	4773231.8	1792.9	339902.8	4773223.8	1793.1
340900.8	4793391.2	1064.8	340907.7	4793398.5	1069.1
340510.3	4792911.5	1154.8	340502.8	4792919.0	1157.4
336700.2	4794681.6	854.6	336707.7	4794673.7	853.8
347380.3	4766751.4	1239.2	347387.9	4766743.6	1238.5
343090.5	4793331.3	1380.2	343083.3	4793339.3	1382.4
344020.1	4794081.7	1224.2	344013.4	4794073.5	1221.6
336610.0	4794561.3	950.8	336602.8	4794569.1	953.4
335950.6	4794861.8	925.2	335957.6	4794854.3	929.2
336910.1	4794951.3	880.2	336918.0	4794958.6	878.1
332800.7	4768941.9	1313.4	332808.3	4768949.1	1316.7
328960.3	4791531.0	665.9	328953.2	4791523.5	669.5
343900.9	4782231.3	1638.8	343892.9	4782234.2	1645.8
345070.5	4792341.5	1600.2	345073.2	4792349.2	1592.9
339610.3	4766241.1	2008.0	339618.4	4766248.5	2008.3
340030.0	4787601.3	1895.2	340022.6	4787593.4	1893.5
341440.3	4783011.8	1902.2	341432.8	4783004.0	1900.4
348100.6	4777551.3	1507.7	348093.0	4777543.9	1504.7
336310.4	4790871.7	1356.4	336317.9	4790863.8	1354.6
335680.4	4803561.1	252.5	335672.8	4803569.1	251.9
324760.2	4769781.7	1523.4	324768.0	4769774.0	1525.2
338410.2	4767921.2	1224.2	338403.4	4767913.4	1220.1
344020.0	4794231.4	1272.0	344027.9	4794223.7	1272.5
332230.3	4772571.0	1828.0	332237.8	4772578.5	1831.2
340630.8	4804221.6	760.9	340638.2	4804229.2	764.2
342340.6	4806711.2	111.6	342333.1	4806719.3	110.1
345130.0	4774701.5	1923.9	345137.9	4774693.6	1924.4
339430.7	4786341.4	2427.1	339422.9	4786344.1	2434.6
347290.5	4787331.7	1389.8	347298.3	4787323.9	1391.2
338440.8	4772781.1	1781.5	338447.6	4772789.2	1785.2
336220.9	4798431.0	543.8	336213.1	4798423.6	546.9
346000.1	4800021.5	425.7	346008.5	4800014.2	426.8
338170.1	4799121.7	505.3	338177.9	4799113.8	506.9
330490.5	4790511.1	1014.1	330498.3	4790504.0	1017.7
343450.0	4768311.6	1380.4	343458.1	4768319.1	1378.2
344891.0	4768221.8	1377.1	344897.6	4768213.6	1373.3
330490.0	4775751.9	1524.5	330498.3	4775759.3	1525.5
347650.5	4792551.8	1552.3	347657.5	4792543.5	1554.7
340360.0	4793001.6	1159.4	340367.7	4792994.0	1162.3
346750.9	4779831.7	1926.0	346757.9	4779823.4	1929.2
346840.6	4782351.9	1177.2	346848.2	4782343.7	1175.7
338260.4	4778510.9	1727.7	338268.4	4778518.8	1729.0
331150.0	4787541.0	1150.8	331157.7	4787548.6	1154.1
345460.4	4792431.4	1694.4	345462.8	4792439.1	1702.4
341530.3	4788141.0	1868.6	341537.8	4788149.3	1870.1
325420.4	4771851.2	1560.3	325428.3	4771859.0	1562.6
345610.3	4793871.1	1280.7	345618.0	4793879.1	1277.9
340480.5	4786911.6	2093.2	340488.0	4786919.2	2089.2
328450.9	4785411.2	517.5	328448.2	4785418.6	509.2
337330.1	4774821.7	1432.2	337323.2	4774813.5	1436.3
344050.3	4801971.7	531.6	344042.6	4801979.1	535.8
347140.3	4781600.9	1667.4	347132.7	4781594.2	1672.9
336190.9	4785200.9	915.2	336183.1	4785209.4	915.1
341260.7	4775721.6	1372.4	341268.4	4775729.3	1368.9
344110.7	4790061.4	1572.4	344118.5	4790068.7	1568.2
335140.4	4788951.0	1358.0	335137.7	4788954.3	1368.7
347200.0	4779171.9	1880.2	347207.7	4779163.9	1883.0
343450.7	4780491.1	1172.8	343442.7	4780499.3	1174.1
335200.5	4805871.7	391.5	335193.1	4805863.4	394.7
347170.0	4790961.6	1212.4	347178.2	4790958.9	1220.0
341770.6	4794051.0	747.3	341772.8	4794058.7	755.7
342220.7	4790601.1	1426.2	342227.8	4790609.4	1429.9
339670.0	4802871.9	718.5	339663.3	4802873.7	727.7
334870.7	4776411.0	1200.4	334863.0	4776418.4	1204.8
342550.9	4773501.3	1990.2	342542.5	4773493.4	1988.5
341710.5	4787781.0	1888.3	341712.8	4787789.3	1880.6
344440.8	4782951.8	1171.6	344438.0	4782954.4	1182.5
333820.7	4775991.4	1209.8	333827.9	4775983.9	1214.9
326050.2	4789971.1	989.4	326058.1	4789978.9	993.0
332770.1	4789581.0	753.5	332762.9	4789589.1	757.8
347080.0	4781691.4	1667.6	347088.3	4781684.0	1671.3
337750.9	4791291.5	1265.5	337742.8	4791299.1	1269.0
348790.7	4806891.4	604.6	348782.5	4806899.3	601.7
345910.6	4796031.7	632.4	345902.5	4796023.7	635.2
338980.9	4802811.7	670.5	338972.9	4802803.7	673.5
348670.9	4794860.9	963.8	348678.2	4794869.2	968.0
347680.9	4780221.6	2296.2	347673.0	4780213.7	2300.1
325840.8	4770441.8	1189.7	325848.0	4770434.2	1184.0
347860.5	4786521.7	1875.0	347868.4	4786513.8	1879.2
345460.0	4791951.7	1534.0	345468.1	4791959.0	1529.1
327400.2	4786131.5	1191.2	327393.1	4786123.8	1197.1
333940.2	4790481.0	820.2	333937.9	4790484.4	831.4
337900.9	4768701.0	1135.6	337912.5	4768704.1	1135.3
344350.1	4798640.9	436.3	344352.7	4798629.2	435.3
337810.4	4768521.1	1132.4	337808.2	4768509.4	1134.2
329230.3	4785441.3	1037.2	329222.9	4785433.9	1043.1
336400.3	4789131.4	1533.4	336408.4	4789139.3	1529.0
339190.7	4775571.1	1349.8	339187.8	4775559.3	1349.7
339400.7	4790241.6	1317.4	339403.1	4790253.5	1316.4
332440.7	4806501.7	553.5	332433.4	4806493.7	559.0
339820.6	4805331.2	176.2	339832.5	4805333.4	175.9
329980.2	4786521.9	251.6	329982.5	4786533.6	249.3
340420.9	4777641.2	1086.4	340432.7	4777644.1	1085.4
338800.8	4785171.8	2047.4	338812.5	4785168.6	2045.8
333190.9	4789971.2	1085.3	333197.8	4789979.1	1091.6
342250.1	4790211.8	1482.3	342248.2	4790223.4	1485.7
346960.0	4779681.5	1984.3	346968.2	4779673.6	1988.8
335560.9	4789761.9	1332.2	335563.3	4789773.7	1329.6
348490.1	4779831.7	2081.2	348478.2	4779828.5	2079.7
342191.0	4787481.7	2093.0	342198.3	4787489.2	2099.6
339790.8	4795341.8	896.5	339798.0	4795348.8	903.9
335650.8	4777851.1	1306.7	335647.8	4777858.9	1315.9
335170.4	4807580.9	831.9	335182.5	4807578.7	833.4
335800.1	4774880.9	1033.7	335788.0	4774878.7	1032.2
325210.2	4767621.2	1474.1	325208.1	4767609.3	1476.7
344110.4	4786491.2	1080.6	344102.9	4786494.0	1090.1
345820.8	4785141.0	628.3	345818.0	4785129.2	625.5
346510.3	4770621.1	1911.7	346498.2	4770619.1	1913.8
346990.8	4776351.0	1264.1	346982.8	4776359.1	1259.1
341710.1	4781031.6	2024.3	341702.5	4781023.6	2030.1
339971.0	4807491.0	549.4	339968.0	4807479.2	552.2
341590.8	4787601.8	1975.9	341602.9	4787604.2	1977.6
341860.6	4784961.2	1988.4	341872.5	4784963.7	1985.7
332620.3	4780821.6	1359.4	332632.5	4780824.3	1360.2
347320.6	4802271.6	712.4	347332.6	4802269.3	715.2
341050.0	4794021.2	1062.3	341037.8	4794024.4	1061.8
346090.3	4802931.8	465.5	346088.2	4802943.9	463.1
341200.5	4800261.5	244.2	341197.8	4800249.3	243.9
338440.3	4798761.1	524.9	338428.2	4798763.6	526.8
340930.7	4786821.6	2177.4	340932.9	4786833.9	2178.5
340420.3	4785111.7	2423.1	340408.0	4785109.0	2422.6
347830.5	4805301.4	418.7	347818.2	4805303.8	419.2
338440.6	4797801.5	251.5	338443.1	4797813.5	248.4
342190.6	4769541.0	1297.9	342202.9	4769544.0	1297.8
330940.6	4803471.7	401.8	330952.9	4803474.2	403.4
345250.1	4772511.1	1548.6	345237.7	4772508.7	1547.9
336730.3	4804251.4	577.4	336742.6	4804248.8	578.1
335440.2	4794831.1	859.7	335452.7	4794829.4	860.6
331930.9	4793421.3	893.3	331943.1	4793419.2	896.3
330610.4	4795431.4	811.5	330622.8	4795429.3	812.9
345430.0	4785351.1	503.5	345428.1	4785363.6	503.7
340810.4	4777971.1	1054.6	340818.4	4777963.8	1048.0
340210.4	4779321.1	1132.9	340198.1	4779319.0	1130.3
347980.6	4779561.7	2309.5	347982.8	4779549.3	2311.9
337540.2	4788021.9	1668.1	337552.6	4788024.3	1666.4
341440.1	4773531.3	2034.8	341452.5	4773534.3	2035.4
329290.9	4775181.5	1638.5	329303.4	4775184.1	1639.3
326380.9	4796901.3	510.2	326373.2	4796893.6	516.9
333730.7	4790721.1	444.5	333732.9	4790708.8	442.0
338920.2	4805601.7	447.4	338918.0	4805614.3	447.8
333640.3	4769271.8	1447.3	333637.7	4769259.3	1448.4
346600.6	4772601.4	1508.7	346613.1	4772598.8	1510.1
339340.8	4802871.3	618.1	339353.3	4802868.8	619.2
340780.9	4788921.5	1687.6	340793.0	4788923.9	1684.0
334660.5	4786971.8	1052.2	334648.2	4786973.4	1055.2
336070.3	4794471.5	988.9	336072.9	4794459.3	991.7
337750.5	4801491.7	199.8	337748.3	4801479.3	197.9
334240.6	4795191.2	797.7	334242.8	4795178.9	800.6
339430.3	4793031.6	1108.2	339432.7	4793044.2	1107.3
333010.7	4806231.5	417.5	333012.8	4806239.0	427.7
339730.2	4789341.0	1431.3	339732.6	4789328.4	1430.2
339910.0	4776441.2	1193.4	339912.5	4776453.7	1191.9
341050.8	4769451.5	1232.0	341053.3	4769439.0	1230.0
339400.3	4775901.1	1315.2	339402.9	4775888.6	1313.5
331600.2	4791711.8	1065.4	331602.7	4791699.3	1067.5
343750.4	4794291.9	1316.9	343738.0	4794288.4	1318.2
343150.7	4786521.8	1578.1	343143.3	4786513.4	1584.6
342250.0	4786490.9	1923.7	342243.5	4786499.1	1931.4
327550.8	4774281.8	1681.8	327563.4	4774279.2	1682.8
327610.5	4767741.8	1149.6	327612.9	4767729.1	1150.3
339280.5	4806831.3	203.0	339282.5	4806819.4	198.5
346360.2	4777281.2	1131.2	346363.3	4777268.6	1130.9
347080.6	4782501.3	1457.4	347078.2	4782489.3	1461.7
344950.1	4803531.8	130.2	344947.8	4803519.0	130.6
344860.2	4806141.5	99.2	344862.7	4806129.2	95.9
333850.1	4790001.7	472.6	333852.7	4789989.0	471.3
347110.4	4789011.6	1120.4	347123.0	4789009.0	1121.5
341830.2	4786911.4	2057.3	341842.5	4786914.3	2054.3
340180.1	4772720.9	1804.0	340192.6	4772724.0	1805.5
336550.1	4787811.0	1742.1	336537.6	4787813.8	1744.3
339940.1	4784751.8	2325.5	339948.3	4784743.4	2331.0
341980.0	4789971.7	1431.3	341992.7	4789973.4	1428.9
340180.6	4799841.0	193.1	340168.0	4799844.4	192.8
330820.9	4766271.3	1112.5	330822.8	4766258.5	1111.6
347080.8	4769061.2	1423.3	347078.3	4769074.0	1422.8
342010.6	4788681.7	1828.3	341998.1	4788679.3	1830.7
331810.9	4807071.6	315.0	331798.1	4807073.8	316.3
334330.4	4776471.4	836.1	334333.3	4776459.0	839.1
331090.9	4807611.6	163.1	331078.3	4807614.2	165.0
333610.0	4787661.2	1242.5	333612.7	4787673.5	1245.8
336280.5	4803951.5	535.3	336278.4	4803939.1	538.9
345760.2	4794110.9	1386.3	345773.0	4794108.4	1387.4
333010.9	4793121.4	943.1	333023.5	4793124.2	945.7
344620.3	4790181.3	1522.7	344618.4	4790193.9	1525.7
341680.8	4788591.2	1815.5	341677.7	4788578.5	1816.6
332500.4	4792401.6	356.0	332487.5	4792403.5	354.1
345100.7	4792461.0	1600.0	345112.8	4792463.5	1595.7
327280.8	4775151.0	1726.8	327293.4	4775148.7	1730.0
340750.3	4772901.7	2045.0	340762.8	4772898.7	2048.0
335800.9	4778121.7	1334.2	335798.4	4778114.3	1344.9
342760.3	4791621.2	1296.3	342747.5	4791624.0	1297.7
341560.0	4787931.4	1898.9	341558.1	4787918.5	1900.9
332020.7	4771071.1	1880.4	332017.9	4771058.5	1883.0
331750.1	4774431.7	1575.1	331748.0	4774419.0	1578.1
347950.3	4781691.2	2109.3	347948.1	4781678.7	2112.9
329680.3	4792911.5	1044.7	329692.7	4792914.4	1048.5
331630.8	4779770.9	440.4	331633.3	4779758.6	436.3
335020.6	4806321.1	547.1	335007.8	4806318.7	549.1
324610.0	4796541.3	815.0	324613.0	4796528.6	817.2
338320.1	4786881.3	2085.1	338322.5	4786894.1	2087.6
333460.1	4768910.9	1423.2	333473.1	4768909.0	1424.6
344890.8	4792461.3	1581.0	344893.2	4792449.4	1575.8
348700.5	4778991.5	2444.8	348712.8	4778988.7	2448.8
348010.7	4792371.3	1581.6	348013.4	4792384.1	1583.9
334390.6	4807671.0	778.7	334377.6	4807669.4	777.3
348640.1	4790541.1	265.1	348627.5	4790538.5	262.1
348670.2	4776891.4	1832.5	348683.1	4776894.1	1834.5
345550.2	4791861.2	1589.2	345552.6	4791848.9	1593.5
345490.0	4795760.9	437.7	345492.6	4795748.5	433.7
345640.7	4807251.8	73.1	345638.4	4807238.9	74.9
342460.5	4788381.6	1759.4	342448.0	4788378.4	1756.2
344350.5	4784901.5	1583.9	344363.0	4784903.7	1588.0
343060.7	4784871.1	2018.0	343063.0	4784879.4	2028.2
336040.5	4786131.2	1348.9	336043.2	4786118.6	1352.5
336760.2	4778031.8	1411.5	336773.2	4778034.2	1413.3
346510.5	4788351.1	363.2	346513.1	4788338.8	358.7
344800.1	4779741.5	1039.3	344813.2	4779739.3	1041.0
331690.3	4796031.2	722.9	331692.5	4796044.3	724.5
335110.6	4786371.3	799.7	335107.5	4786358.8	796.3
337660.2	4786131.6	1824.7	337662.5	4786118.8	1827.7
332950.7	4782770.9	1532.8	332942.5	4782778.9	1539.8
325180.8	4776981.1	1687.9	325183.3	4776993.4	1692.4
346180.9	4784271.6	1378.5	346178.0	4784259.1	1382.5
342250.9	4774071.0	1794.1	342263.4	4774073.8	1798.2
345910.3	4784331.8	1271.5	345907.9	4784318.7	1273.7
338470.8	4790451.5	1370.4	338473.4	4790464.1	1374.2
343360.4	4794411.7	1252.4	343373.2	4794408.5	1255.2
339610.1	4767441.3	1652.0	339622.9	4767444.3	1654.7
344800.3	4798371.6	580.9	344803.3	4798358.7	578.2
344380.8	4789341.9	1709.7	344367.8	4789343.8	1712.8
335680.7	4777971.8	1326.4	335693.0	4777974.3	1331.4
346450.0	4788261.4	357.3	346463.1	4788263.7	354.6
344470.1	4787571.4	1733.4	344458.4	4787574.3	1739.8
324580.9	4799211.3	589.6	324578.1	4799198.6	593.7
343990.5	4779351.1	916.7	343992.8	4779339.2	922.9
332650.4	4792941.5	950.5	332653.1	4792929.3	956.0
336640.9	4776471.5	908.4	336627.8	4776473.7	905.3
341830.9	4784571.3	1856.2	341818.0	4784569.2	1852.4
339490.1	4787061.6	2016.1	339493.1	4787048.7	2012.8
345850.3	4791981.3	1617.3	345847.8	4791968.6	1621.6
341620.2	4785710.9	2123.4	341617.5	4785698.5	2128.5
329260.2	4794471.8	139.7	329263.3	4794458.7	137.2
348640.5	4779021.9	2434.6	348627.5	4779018.9	2437.9
334960.0	4804611.1	388.5	334973.2	4804609.1	391.2
329621.0	4770231.8	1493.4	329618.0	4770219.0	1497.3
347110.9	4793121.9	1419.8	347122.6	4793128.9	1419.7
348460.7	4767651.0	1298.9	348462.8	4767639.0	1292.6
346660.9	4782651.7	1367.2	346663.0	4782639.2	1372.3
335530.7	4805000.9	525.7	335533.0	4804988.8	531.7
348430.1	4792551.3	1606.5	348442.8	4792549.2	1601.5
346510.3	4766901.2	1261.2	346503.2	4766889.4	1260.6
336250.6	4790961.8	1344.0	336242.8	4790954.1	1335.7
324820.2	4775391.7	1797.5	324817.5	4775378.5	1800.4
348040.9	4791951.5	1488.5	348028.4	4791948.7	1483.6
348340.2	4782831.8	2458.0	348337.5	4782818.6	2460.7
335860.1	4791141.6	1297.2	335862.9	4791128.5	1294.1
339340.8	4797741.2	579.4	339352.7	4797734.3	580.4
347200.9	4767921.5	1678.7	347212.5	4767913.8	1679.3
348790.8	4778961.2	2430.0	348788.3	4778949.1	2436.2
330130.9	4787631.2	242.2	330118.1	4787629.2	237.1
326650.9	4787301.1	974.7	326648.2	4787313.9	979.6
330760.0	4799061.8	316.2	330763.2	4799048.4	318.6
344980.1	4791351.8	1376.1	344968.3	4791358.9	1378.2
348040.1	4792131.6	1496.8	348038.0	4792119.0	1491.0
326230.1	4790301.6	1049.1	326243.2	4790298.4	1053.0
343330.1	4794261.0	1248.6	343328.0	4794273.6	1254.5
338620.2	4787420.9	1856.3	338612.5	4787409.3	1854.6
327250.0	4787271.8	1200.5	327253.1	4787259.0	1205.2
335980.7	4773891.9	1302.8	335992.8	4773899.1	1303.1
334720.8	4790091.8	1395.3	334732.6	4790084.3	1396.5
340480.2	4785021.3	2383.4	340482.6	4785033.8	2389.6
339640.1	4768821.9	1168.2	339627.8	4768828.7	1167.3
340150.3	4784901.3	2388.8	340162.8	4784904.4	2394.5
346120.5	4789941.5	1059.0	346107.9	4789944.0	1064.9
329320.2	4781781.8	1415.7	329317.5	4781768.5	1419.8
340931.0	4795911.7	840.4	340942.6	4795903.6	841.1
340000.2	4800741.2	360.7	340007.5	4800729.4	363.5
342940.4	4774881.1	1920.7	342932.8	4774869.2	1920.9
333460.0	4805721.1	298.5	333453.1	4805709.0	301.0
325300.5	4776620.9	1735.6	325312.6	4776614.3	1739.1
343480.2	4793301.2	1444.3	343468.2	4793298.6	1437.2
334300.2	4807881.3	874.6	334297.9	4807893.7	881.1
326230.0	4790481.7	986.2	326228.2	4790468.6	991.7
331690.0	4788861.5	622.6	331687.6	4788849.3	629.6
346270.8	4784781.2	896.2	346282.8	4784774.3	893.0
344860.3	4787361.4	1325.1	344848.0	4787358.5	1331.7
334600.4	4792971.9	1035.6	334603.3	4792958.5	1039.5
334300.5	4776201.2	964.0	334302.8	4776189.0	971.1
338710.4	4801251.1	309.5	338722.9	4801244.2	310.1
333550.1	4792701.2	1058.7	333537.7	4792694.3	1058.6
338740.5	4793751.3	1004.0	338752.7	4793744.2	1006.1
340780.3	4786251.1	2295.8	340773.2	4786239.1	2298.8
341320.7	4801161.9	245.2	341308.3	4801168.8	243.3
343240.8	4779081.7	929.7	343252.9	4779089.2	928.5
340870.9	4786791.2	2123.2	340882.5	4786784.0	2119.0
343360.8	4791650.9	1498.7	343367.7	4791638.5	1500.9
338080.7	4799781.6	331.4	338092.8	4799774.1	333.4
346600.6	4802510.9	544.3	346612.7	4802503.9	547.4
336280.6	4794351.3	929.6	336288.4	4794339.2	928.6
341231.0	4792851.5	998.6	341238.1	4792864.0	998.0
340330.7	4783161.9	2149.1	340337.5	4783149.3	2151.1
346120.7	4767771.6	1324.8	346127.7	4767759.3	1322.0
344590.7	4790451.1	1505.9	344597.8	4790463.6	1507.5
345520.7	4768131.4	1611.6	345512.9	4768143.5	1612.9
337660.9	4787181.7	2031.9	337647.9	4787183.9	2037.9
338230.0	4803951.4	395.4	338218.0	4803958.6	391.5
346000.8	4787151.5	426.6	345993.3	4787154.0	414.4
340750.4	4798521.3	524.6	340738.0	4798528.7	526.3
333640.8	4780491.6	1136.2	333653.1	4780499.1	1138.3
338980.9	4805541.4	435.5	338993.2	4805534.0	437.7
346510.7	4788951.2	346.8	346517.5	4788958.8	336.5
333490.0	4798371.2	562.5	333493.2	4798384.1	568.5
343780.1	4788081.4	1740.4	343783.3	4788068.5	1746.5
341171.0	4801101.2	240.2	341158.2	4801094.1	239.6
335830.0	4790241.7	991.0	335818.1	4790248.7	986.3
342040.7	4787721.4	2030.9	342047.9	4787709.4	2034.9
335170.2	4796721.7	712.4	335162.8	4796733.9	715.5
343720.8	4779321.3	913.7	343727.5	4779334.2	912.6
337690.5	4805751.2	592.5	337682.9	4805739.1	595.5
343450.1	4781751.1	1643.6	343438.4	4781753.4	1652.1
334150.7	4768911.5	1252.5	334158.0	4768899.3	1256.4
334450.5	4793151.1	1031.6	334457.7	4793138.5	1034.0
334330.8	4777131.3	643.0	334343.2	4777123.5	642.0
338830.2	4788741.6	1639.3	338837.5	4788728.9	1640.3
329380.3	4796811.6	705.8	329367.7	4796804.0	706.1
336880.2	4766691.8	1175.7	336868.1	4766684.2	1172.4
345790.7	4786911.3	428.8	345778.0	4786904.3	426.3
341590.3	4800471.3	387.7	341602.5	4800479.0	390.9
343930.0	4775601.2	1727.9	343917.7	4775594.0	1731.3
340510.1	4798161.2	406.7	340498.1	4798168.8	403.1
328990.3	4802061.7	64.4	328982.9	4802049.0	63.7
348550.6	4770111.8	1288.6	348558.1	4770099.1	1288.0
327880.9	4791261.6	367.1	327878.2	4791274.2	374.3
334690.3	4799001.9	365.0	334683.3	4798989.4	368.5
330370.8	4771131.8	1317.2	330363.4	4771119.1	1316.1
342250.8	4792881.5	1061.5	342238.0	4792888.8	1060.8
338830.9	4806741.5	205.7	338823.2	4806754.1	205.0
333760.7	4790781.6	440.2	333773.2	4790788.9	437.2
341170.9	4784091.7	1849.9	341183.2	4784098.5	1845.4
340030.5	4768821.7	1181.9	340017.7	4768829.0	1180.7
347890.8	4792041.4	1541.2	347902.8	4792049.3	1544.9
327820.2	4770771.3	1349.2	327828.3	4770759.0	1347.6
346300.2	4799511.5	522.1	346287.9	4799518.6	526.4
331360.5	4805631.2	75.3	331348.0	4805633.6	82.8
343780.9	4769151.5	1322.3	343768.5	4769143.6	1320.9
331960.5	4770981.7	1878.6	331947.8	4770983.9	1886.1
344140.5	4789071.4	1624.8	344147.8	4789058.6	1627.0
340840.6	4798791.2	477.5	340827.9	4798798.7	475.8
336010.5	4807581.2	624.1	336003.2	4807568.8	620.5
335950.5	4807521.2	619.6	335957.6	4807509.3	614.1
346420.3	4779801.0	1666.1	346407.9	4779808.9	1668.2
327460.4	4766481.2	1248.3	327448.0	4766489.1	1250.3
337090.5	4765911.2	1473.4	337103.2	4765903.8	1475.7
335320.6	4788981.2	1546.2	335333.0	4788974.1	1550.2
330460.4	4786761.5	367.5	330447.8	4786768.6	364.2
336670.4	4788650.9	1681.8	336678.0	4788638.6	1685.2
331720.6	4807851.5	207.2	331708.3	4807858.8	203.2
334420.4	4771281.8	1382.3	334433.3	4771289.1	1384.0
336760.4	4779261.6	1791.2	336767.6	4779249.1	1794.7
346750.9	4768701.8	1439.5	346757.5	4768688.8	1436.4
330460.3	4768401.5	1400.5	330467.5	4768388.5	1401.9
332620.2	4786491.6	1319.7	332632.6	4786483.7	1322.4
327130.0	4790631.0	254.9	327142.6	4790638.7	252.4
333610.5	4789341.7	1041.5	333602.6	4789354.1	1044.5
327820.5	4805121.8	211.2	327828.0	4805134.0	206.9
330790.7	4767951.8	1366.0	330797.5	4767938.5	1365.9
341020.2	4794321.7	1101.5	341012.8	4794309.2	1105.4
331210.3	4780191.8	414.2	331223.0	4780183.9	413.3
348220.5	4804551.8	125.0	348227.7	4804538.8	123.1
330340.6	4794621.1	875.3	330327.7	4794628.8	874.6
340330.3	4785051.6	2424.3	340327.8	4785038.6	2431.5
343690.7	4793241.7	1384.1	343703.3	4793233.7	1382.2
345490.9	4776140.9	1612.1	345497.7	4776154.0	1615.0
343900.6	4782441.2	1623.4	343892.7	4782429.1	1627.6
336220.0	4795791.0	769.6	336228.2	4795778.7	772.6
342820.1	4793421.4	1261.7	342827.9	4793408.7	1264.3
348250.8	4792010.9	1468.2	348243.2	4791998.6	1464.1
330490.8	4804941.0	109.0	330483.1	4804954.0	107.9
342910.8	4797891.6	646.7	342897.7	4797894.3	639.8
347800.6	4771220.9	1341.7	347787.8	4771229.0	1341.0
331840.0	4786101.6	1062.3	331853.2	4786108.7	1064.4
336220.8	4790061.4	1046.6	336208.0	4790068.8	1043.6
334900.9	4773531.1	1568.8	334888.2	4773523.9	1572.9
340300.4	4791291.6	1365.8	340308.1	4791278.6	1367.0
328690.2	4792911.8	724.1	328698.0	4792899.2	727.5
346480.3	4791081.0	1308.5	346487.9	4791068.9	1303.3
328810.9	4779831.4	1338.3	328797.7	4779838.7	1340.5
340870.4	4785861.1	2029.7	340862.9	4785848.7	2025.2
343660.1	4775451.6	1793.4	343652.7	4775438.7	1796.9
339250.4	4773771.8	1731.6	339242.5	4773784.3	1735.3
336520.9	4784811.2	940.5	336513.2	4784824.4	940.8
336040.2	4788801.6	1527.1	336052.8	4788809.1	1522.8
332920.4	4787091.2	1215.5	332928.0	4787079.1	1220.9
333310.7	4773231.8	1907.3	333323.5	4773223.5	1908.3
325240.2	4778481.5	1680.1	325253.0	4778473.8	1683.3
327070.8	4773831.2	1659.3	327063.2	4773818.8	1664.1
341500.1	4774011.7	1754.7	341513.1	4774004.2	1757.7
346210.1	4787961.7	379.3	346223.3	4787969.2	377.9
336400.6	4789941.0	1077.3	336387.8	4789949.2	1075.5
341290.0	4783281.3	1940.5	341302.8	4783289.0	1943.8
339190.5	4779021.7	1520.2	339203.3	4779013.5	1522.2
341350.3	4790511.1	1414.9	341363.4	4790504.0	1411.4
341350.4	4785291.9	2407.1	341343.3	4785279.3	2412.4
333730.4	4775901.3	1232.5	333738.2	4775914.3	1235.5
335740.0	4787391.0	1194.2	335733.3	4787399.2	1205.4
324730.7	4798371.7	343.6	324717.7	4798364.1	346.8
337210.1	4771191.7	1602.2	337202.8	4771178.5	1605.5
344140.1	4773501.8	1902.0	344153.1	4773503.5	1910.0
342310.1	4788561.4	1763.8	342323.0	4788553.5	1760.3
341500.0	4781391.8	2264.3	341497.6	4781378.6	2271.9
348040.9	4780221.1	2034.6	348052.7	4780229.1	2040.5
339760.3	4793181.6	1169.4	339773.3	4793173.6	1171.8
345370.2	4774131.8	1953.1	345383.1	4774139.0	1957.5
334660.4	4791471.2	911.3	334672.9	4791463.7	916.6
334240.1	4808001.3	865.6	334232.8	4808014.2	870.4
344980.8	4792071.0	1511.4	344993.1	4792079.0	1506.5
345340.5	4803501.6	357.4	345348.3	4803488.5	354.4
347290.1	4791921.1	1602.3	347303.2	4791913.8	1598.3
329080.8	4794771.1	136.8	329067.9	4794779.1	133.8
340240.7	4792041.4	1308.8	340228.2	4792033.4	1313.5
346210.8	4792161.0	1651.4	346202.7	4792149.3	1657.6
328600.5	4784331.1	1221.7	328588.0	4784338.8	1226.9
337210.5	4786491.8	1593.7	337218.1	4786478.6	1590.2
337630.0	4795611.0	1002.0	337638.3	4795598.8	1006.9
346150.5	4791651.8	1478.4	346158.2	4791638.8	1474.2
337300.5	4789911.8	1477.4	337308.2	4789899.0	1482.2
344500.8	4792311.3	1496.5	344492.8	4792299.1	1491.0
325030.8	4790871.7	712.5	325017.9	4790879.1	717.4
329830.2	4804341.0	482.8	329843.1	4804348.6	487.3
344800.7	4780881.0	842.0	344812.7	4780888.6	835.4
342250.6	4789911.7	1493.7	342242.8	4789898.5	1497.1
327490.2	4791741.3	365.4	327478.4	4791748.8	372.6
335500.5	4777731.2	1245.3	335513.4	4777733.9	1253.8
341590.8	4787900.9	1888.8	341577.8	4787893.8	1883.5
341560.8	4788980.9	1733.2	341552.5	4788968.6	1727.8
342820.4	4796421.0	894.2	342833.3	4796428.6	899.5
335230.7	4783941.8	1997.6	335222.6	4783928.5	2000.9
342340.5	4793601.6	1095.2	342338.0	4793588.4	1103.9
347650.0	4779861.2	2398.5	347663.1	4779853.5	2403.5
339760.5	4787091.8	1977.3	339767.7	4787079.0	1970.7
344980.3	4796750.9	297.9	344988.4	4796764.1	293.7
339880.2	4793091.4	1145.1	339873.4	4793078.5	1151.8
340750.4	4783791.9	2169.0	340737.8	4783784.1	2175.9
328450.5	4785531.9	494.9	328462.7	4785528.9	484.6
345580.8	4793571.2	1435.3	345567.7	4793578.8	1441.3
345640.4	4786761.1	433.7	345628.2	4786754.3	425.1
346420.5	4787811.2	795.7	346428.0	4787798.5	802.6
334450.9	4777071.2	659.3	334438.0	4777078.9	652.5
339220.9	4780221.8	1696.5	339208.1	4780214.0	1703.9
346420.2	4799451.2	478.3	346403.5	4799449.4	478.4
348190.6	4783641.6	2300.8	348203.0	4783643.6	2312.1
341860.0	4786131.4	2262.5	341843.4	4786128.8	2264.9
345760.0	4792161.2	1635.4	345747.6	4792168.6	1626.7
346000.3	4792521.2	1631.8	345987.9	4792513.5	1623.1
335620.5	4789311.4	1498.3	335607.9	4789319.2	1489.9
343000.1	4782231.0	2048.1	343007.5	4782238.5	2061.5
330340.9	4789731.3	533.5	330348.0	4789718.7	542.6
347260.0	4791561.6	1370.6	347248.4	4791558.9	1382.9
342370.1	4799781.1	237.5	342353.2	4799783.8	237.0
344830.7	4785321.3	1166.1	344842.6	4785309.4	1169.4
330130.6	4798011.1	436.2	330128.2	4798023.6	447.7
335560.4	4767561.6	1384.0	335543.4	4767563.9	1383.3
344230.4	4790391.6	1477.9	344243.3	4790384.2	1469.3
332080.3	4781541.2	706.5	332068.4	4781549.0	696.7
326470.6	4770081.3	1331.4	326487.5	4770078.7	1333.6
334900.8	4793481.0	1075.7	334917.8	4793484.4	1076.6
333340.9	4791051.8	943.2	333327.5	4791053.9	954.0
345970.4	4795551.5	726.7	345967.9	4795568.7	727.9
344770.7	4792581.5	1571.9	344762.7	4792594.0	1562.9
329050.7	4783941.2	1212.0	329037.6	4783949.0	1220.4
338770.6	4786191.2	2054.4	338787.7	4786189.1	2052.0
326560.5	4773381.1	1793.6	326577.7	4773383.7	1794.9
335860.6	4801461.5	128.4	335877.8	4801464.0	128.4
340060.5	4778061.7	1116.1	340072.7	4778049.3	1115.5
327070.4	4792521.5	146.4	327087.6	4792524.3	145.1
326620.0	4793871.7	122.4	326607.9	4793859.3	120.8
335260.6	4787241.5	741.6	335263.2	4787258.5	738.6
328240.5	4800831.6	306.7	328242.7	4800814.3	307.9
345040.7	4790541.4	1350.1	345057.6	4790543.7	1353.7
339640.0	4777911.5	1321.0	339638.3	4777894.2	1322.7
341650.5	4783461.5	1893.1	341633.4	4783458.7	1895.4
336100.6	4793811.7	914.2	336103.0	4793794.3	914.3
330641.0	4769271.8	1435.7	330658.0	4769273.5	1439.4
345490.7	4776351.8	1607.9	345493.0	4776334.4	1608.8
343660.5	4774311.5	1716.1	343677.8	4774309.3	1719.3
330940.7	4769361.5	1561.9	330938.3	4769344.2	1564.2
339850.7	4784631.4	2196.3	339867.9	4784634.3	2198.7
340630.6	4786641.2	2211.1	340648.1	4786639.0	2212.8
339340.8	4792881.3	1117.9	339358.2	4792879.1	1116.7
336760.5	4790481.4	1425.4	336773.2	4790469.4	1427.8
342880.0	4792191.0	1374.8	342883.2	4792173.8	1377.7
340600.4	4807731.0	696.2	340617.6	4807734.3	698.6
330970.9	4783941.5	312.9	330967.9	4783958.7	310.3
344920.4	4784691.9	828.5	344922.9	4784678.5	839.8
338051.0	4793361.3	1104.2	338038.3	4793349.3	1101.3
341020.5	4785141.3	2469.2	341013.0	4785129.0	2479.5
324760.0	4788831.0	1438.7	324773.3	4788819.3	1440.2
344020.2	4807791.5	467.3	344037.6	4807794.0	469.1
332140.3	4779111.5	491.3	332122.7	4779113.4	489.7
335650.1	4795551.7	613.1	335652.7	4795534.2	615.4
346090.3	4787751.3	396.4	346077.9	4787738.6	394.9
329560.3	4794111.5	164.6	329563.0	4794098.5	152.8
342220.6	4797681.2	510.3	342222.7	4797663.6	508.4
344860.3	4784541.2	912.8	344848.2	4784549.1	923.2
326470.9	4797111.2	519.7	326472.9	4797093.7	522.5
333430.8	4785351.5	1474.6	333442.9	4785338.8	1471.7
336640.7	4802871.6	416.2	336658.2	4802868.5	417.8
332200.2	4766271.4	1105.0	332203.4	4766253.8	1104.3
348280.5	4792791.3	1556.5	348268.3	4792779.1	1551.7
341890.4	4784841.1	2063.5	341882.6	4784833.9	2077.9
325030.0	4800111.4	443.1	325027.7	4800129.1	444.9
328780.3	4778751.8	916.0	328767.6	4778749.0	928.3
340930.3	4774041.3	1923.8	340932.8	4774024.2	1928.7
331720.5	4770771.6	1887.6	331717.7	4770754.4	1891.4
346870.6	4789791.5	324.0	346882.5	4789779.0	319.1
329320.6	4795011.3	630.4	329338.3	4795013.8	632.3
338260.9	4785561.8	1910.8	338247.9	4785573.5	1906.7
336490.6	4787961.0	1744.1	336502.5	4787948.5	1749.4
348550.5	4790031.1	793.8	348537.6	4790024.1	804.2
333880.6	4786881.6	1318.2	333898.3	4786879.4	1320.2
339700.7	4787241.8	2025.0	339718.2	4787239.4	2028.4
330160.1	4786071.0	269.4	330173.4	4786068.7	257.4
344050.7	4770801.9	1355.3	344048.4	4770784.1	1353.0
343570.3	4767201.3	1874.1	343583.3	4767189.4	1878.0
348010.4	4791801.8	1505.3	348022.7	4791789.3	1501.0
343690.8	4774221.0	1686.7	343708.4	4774223.7	1683.5
343480.3	4775931.6	1764.7	343497.8	4775928.5	1768.2
334690.4	4805271.3	414.9	334708.2	4805273.9	416.9
345520.5	4792431.9	1697.0	345537.8	4792428.4	1701.6
344050.7	4794051.8	1239.8	344053.3	4794034.1	1242.7
336610.3	4795791.2	792.4	336622.5	4795778.6	797.0
337750.9	4804671.1	579.2	337732.8	4804669.2	580.0
328210.4	4797711.3	532.0	328223.3	4797723.8	534.7
338440.1	4794081.2	838.8	338453.4	4794093.8	838.7
348190.1	4784091.9	2201.0	348188.2	4784078.6	2213.4
326890.4	4792101.1	562.3	326903.2	4792088.9	566.8
339790.6	4794200.9	1033.2	339808.1	4794198.5	1037.8
343330.1	4788171.6	1760.3	343332.5	4788154.0	1764.3
336820.7	4768431.9	1238.7	336827.5	4768448.8	1238.2
339340.3	4789191.3	1652.9	339343.0	4789173.7	1656.5
347680.4	4789851.7	694.4	347663.3	4789854.2	700.2
348490.0	4786311.8	2091.0	348503.3	4786314.3	2078.7
342700.7	4787960.9	1813.4	342717.5	4787963.8	1807.0
334990.9	4790750.9	779.4	334977.7	4790763.5	778.7
338620.1	4769211.7	1150.6	338638.0	4769208.6	1148.7
347890.4	4797561.1	212.6	347908.4	4797563.8	211.8
335080.5	4777431.1	1070.5	335082.8	4777413.7	1075.5
328720.2	4791081.2	177.7	328717.9	4791099.2	175.3
337030.4	4795161.0	908.5	337018.3	4795174.4	911.8
347830.8	4802451.4	801.9	347812.6	4802453.5	803.2
338980.7	4785081.9	2116.9	338977.6	4785099.2	2111.9
343840.7	4770561.6	1325.1	343843.0	4770543.5	1322.4
339250.8	4806741.1	192.9	339252.5	4806723.5	188.0
342880.6	4781991.6	1892.8	342887.6	4781979.1	1904.3
348430.8	4790481.7	270.8	348448.3	4790478.4	266.4
340150.2	4794261.2	1020.3	340132.6	4794263.5	1025.1
347920.8	4768821.4	1477.4	347933.2	4768834.4	1481.4
348130.0	4791710.9	1502.8	348148.0	4791708.6	1499.3
327160.1	4772001.7	1311.6	327143.3	4771994.1	1309.8
340660.2	4767951.1	1292.9	340662.9	4767969.1	1296.1
335890.7	4804521.9	610.8	335893.2	4804539.0	617.2
339400.5	4770471.6	1707.1	339387.6	4770458.5	1709.0
346120.9	4783491.8	1509.9	346132.7	4783478.6	1515.3
327340.5	4796571.3	203.6	327352.6	4796583.7	210.2
339610.6	4776111.8	1275.5	339628.4	4776114.0	1270.4
337570.1	4771791.5	1635.3	337588.1	4771788.4	1638.5
343480.1	4789971.5	1580.0	343493.0	4789958.4	1576.8
347500.8	4787031.9	1431.7	347497.5	4787048.7	1438.9
347140.3	4807701.8	133.4	347142.8	4807683.6	136.7
348640.1	4792491.0	1597.2	348622.8	4792483.8	1597.9
338170.2	4798011.2	239.5	338188.4	4798008.7	236.4
340330.0	4783401.3	2088.3	340348.3	4783404.2	2086.0
348670.7	4792821.4	1551.7	348687.9	4792823.9	1544.9
327190.9	4773801.8	1684.5	327178.3	4773788.5	1688.5
346270.0	4792551.7	1762.2	346288.4	4792549.3	1765.1
342910.6	4773831.9	1988.6	342898.4	4773818.8	1994.3
344740.7	4769091.4	1598.0	344757.9	4769098.9	1597.4
346690.8	4784481.8	1159.7	346707.8	4784474.4	1162.9
341770.1	4781001.3	2010.0	341752.6	4781003.7	2016.8
344710.2	4792821.1	1718.4	344692.9	4792828.7	1719.7
341020.7	4767021.3	1347.0	341028.0	4767003.9	1346.3
340360.9	4804401.0	703.8	340348.1	4804413.6	709.5
335230.2	4807941.6	724.9	335238.0	4807958.4	721.3
346690.6	4796931.3	599.7	346683.1	4796948.5	601.8
335350.5	4788021.5	1020.5	335337.6	4788024.3	1034.1
327460.8	4792221.5	151.9	327478.0	4792213.6	150.5
328810.3	4792761.4	754.5	328822.8	4792748.7	761.2
343990.3	4801071.0	323.9	343998.0	4801054.0	320.3
334300.2	4806291.7	223.1	334293.0	4806274.2	222.0
340090.2	4799901.5	192.9	340073.0	4799909.2	191.2
346120.0	4767651.8	1313.8	346127.8	4767669.0	1313.6
343150.9	4781631.3	1586.8	343137.9	4781619.3	1593.8
326170.0	4795401.2	344.5	326177.9	4795384.2	347.7
333070.1	4803440.9	284.9	333052.9	4803449.0	285.7
343330.3	4782051.3	1927.9	343312.9	4782058.6	1930.5
340630.3	4787631.3	1958.3	340638.1	4787614.3	1961.2
346660.7	4792910.9	1536.3	346677.7	4792918.9	1533.2
326500.6	4774281.8	1796.4	326483.0	4774288.7	1798.6
337150.6	4777941.7	1182.7	337157.7	4777959.2	1185.4
346120.2	4767440.9	1295.9	346103.2	4767433.6	1291.2
333130.0	4805391.8	126.8	333147.6	4805384.4	126.4
324820.5	4795011.4	793.2	324812.7	4795028.7	794.4
346990.7	4776591.4	1215.8	346973.2	4776598.5	1212.6
343420.4	4769511.1	1273.0	343402.6	4769504.3	1272.9
343300.4	4791711.3	1486.6	343282.7	4791718.6	1487.7
338590.9	4806081.5	585.7	338608.4	4806089.1	587.4
341200.6	4768911.6	1471.2	341197.7	4768929.0	1478.5
348100.8	4789401.8	1128.7	348118.4	4789394.1	1128.1
344050.4	4769631.3	1564.6	344067.9	4769623.6	1566.3
344680.9	4792521.0	1630.8	344688.2	4792503.5	1634.2
343300.9	4769421.0	1269.9	343282.9	4769414.4	1268.4
348340.2	4779710.9	2103.2	348353.2	4779723.8	2097.5
348430.6	4770531.5	1304.2	348438.3	4770513.9	1303.6
346960.6	4775511.4	1337.8	346967.5	4775529.2	1335.3
343150.6	4793571.0	1331.6	343168.3	4793564.1	1334.8
343870.9	4773171.7	1874.8	343887.9	4773164.2	1879.9
345010.3	4801251.2	273.0	345018.0	4801233.5	271.8
329650.2	4807221.4	25.8	329658.3	4807204.0	23.3
333160.2	4792941.9	991.9	333178.0	4792949.2	994.2
335710.3	4795161.1	813.5	335728.3	4795154.3	816.2
347140.5	4790691.5	1056.3	347142.9	4790673.4	1063.0
341740.2	4783491.1	1861.1	341722.5	4783493.7	1853.5
345250.3	4785141.7	752.7	345243.3	4785124.0	756.7
342400.4	4773471.7	1982.4	342398.1	4773458.5	1996.5
332470.2	4774311.8	1433.2	332462.5	4774328.7	1427.2
344800.1	4771431.5	1672.1	344792.7	4771413.6	1675.2
345730.0	4792791.6	1618.0	345747.8	4792783.5	1620.1
332890.8	4778541.4	518.7	332883.4	4778559.4	516.0
348250.9	4782111.3	2451.7	348258.4	4782123.6	2465.1
342010.4	4806291.6	98.8	342028.3	4806283.7	97.3
338110.7	4801220.9	196.9	338102.7	4801203.5	192.6
331450.3	4791051.9	830.4	331442.6	4791033.9	831.5
337870.2	4779531.1	1852.5	337883.1	4779518.8	1860.8
345880.8	4791711.6	1488.8	345863.0	4791704.0	1491.6
337210.3	4788291.6	1668.2	337217.7	4788273.4	1668.9
344080.6	4782201.8	1550.4	344067.8	4782208.9	1563.6
337390.9	4771611.7	1661.1	337373.1	4771604.1	1664.9
345190.0	4791981.0	1552.4	345208.2	4791973.6	1554.2
333700.5	4790631.0	447.1	333717.9	4790638.9	442.2
334570.0	4792731.4	1068.3	334578.3	4792713.8	1071.3
343990.8	4770711.5	1348.8	343972.6	4770704.1	1346.8
327820.5	4770741.3	1353.6	327827.7	4770758.6	1347.3
337120.7	4774311.5	1298.6	337112.5	4774293.4	1297.3
339070.4	4784571.0	2161.0	339088.0	4784578.5	2166.4
327550.8	4802121.2	64.0	327557.5	4802104.4	55.8
345370.1	4775061.0	1814.3	345388.1	4775069.2	1816.6
343810.4	4794771.7	1151.9	343828.1	4794763.5	1155.8
345610.7	4773861.8	1882.3	345628.1	4773853.5	1887.1
345760.8	4781631.1	985.3	345757.6	4781619.0	1000.8
345640.3	4769541.2	1531.3	345648.2	4769523.8	1525.4
346330.8	4780431.1	1873.9	346337.7	4780413.6	1880.9
341530.1	4801641.9	378.3	341522.7	4801623.9	383.2
343840.6	4795221.5	912.7	343843.1	4795204.4	922.9
337390.7	4795041.4	979.0	337407.5	4795049.3	987.0
331360.2	4797141.3	508.3	331352.9	4797123.6	515.0
344710.5	4784600.9	1000.6	344693.0	4784608.9	1006.9
342941.0	4781481.8	1782.2	342922.6	4781473.4	1779.8
345430.1	4792101.0	1580.4	345447.9	4792099.3	1570.6
347440.8	4778871.7	1820.4	347443.1	4778884.4	1836.3
344800.9	4792791.7	1673.8	344808.0	4792774.4	1665.5
338860.2	4786311.4	2131.7	338877.8	4786319.0	2138.9
343780.1	4796541.4	731.9	343788.4	4796559.3	737.9
341350.2	4792881.9	1047.8	341343.1	4792864.0	1055.4
344320.5	4792041.5	1452.8	344313.2	4792059.3	1460.4
347770.5	4786131.6	1728.1	347787.6	4786139.0	1737.1
336550.1	4779201.1	1728.9	336567.6	4779208.7	1737.2
332860.8	4801161.3	89.7	332877.6	4801149.0	88.9
342970.5	4784841.1	2016.1	342972.6	4784854.1	2032.4
339100.4	4786610.9	2299.3	339117.7	4786604.1	2309.1
347050.9	4769181.7	1432.3	347062.8	4769164.3	1430.9
342370.4	4796181.6	941.9	342387.5	4796193.7	944.4
330730.0	4775931.4	1480.2	330748.1	4775939.1	1487.9
338620.6	4777221.7	1706.0	338637.8	4777209.4	1706.1
348790.7	4766451.5	1205.9	348807.8	4766439.1	1205.4
337000.8	4786161.6	1828.9	336988.1	4786178.5	1830.0
346480.2	4791861.7	1657.1	346463.0	4791868.6	1646.8
344470.5	4776081.1	1362.8	344483.4	4776064.3	1362.1
334990.1	4791591.5	1040.9	334973.0	4791593.9	1053.2
331180.4	4793391.1	213.9	331197.6	4793378.8	211.8
341410.8	4771190.9	1374.7	341423.0	4771173.6	1373.4
324640.4	4776951.0	1519.2	324653.0	4776934.0	1517.6
340870.9	4787810.9	1930.5	340882.5	4787828.6	1932.0
347740.3	4771251.2	1343.9	347757.5	4771238.8	1342.9
346240.9	4784151.6	1420.7	346253.0	4784143.8	1436.4
345130.4	4796781.5	287.5	345147.9	4796793.6	286.1
332500.9	4794171.3	904.6	332518.1	4794158.8	905.2
339490.9	4768641.4	1207.1	339502.7	4768659.1	1205.3
338590.6	4789371.8	1506.2	338602.5	4789354.2	1508.1
347680.4	4791681.7	1583.1	347667.7	4791698.6	1580.5
335950.2	4771461.9	1217.8	335937.9	4771479.2	1215.3
348190.8	4793991.6	1151.7	348207.6	4793978.9	1155.3
328240.3	4791801.1	161.1	328258.2	4791789.4	160.2
339610.8	4791231.7	1401.0	339627.8	4791218.9	1403.3
342010.1	4781601.1	2177.9	341997.7	4781583.7	2177.4
331270.2	4806171.8	81.0	331252.8	4806159.3	80.7
330700.1	4784661.1	290.4	330712.9	4784643.8	288.7
341710.6	4789281.2	1781.5	341727.5	4789269.0	1786.6
330730.1	4767621.4	1316.6	330743.3	4767604.3	1317.7
339310.6	4792131.1	1120.8	339328.1	4792119.0	1124.3
331900.2	4797980.9	149.8	331917.8	4797968.8	146.4
342670.6	4790181.7	1472.7	342653.0	4790169.2	1472.0
344620.8	4788651.0	1497.7	344633.3	4788633.8	1501.5
348250.3	4791981.5	1475.5	348243.3	4791998.7	1464.4
335980.4	4793931.4	945.3	335963.1	4793943.4	940.5
348370.0	4794920.9	993.1	348352.9	4794934.2	992.8
348160.7	4797711.8	206.4	348147.8	4797729.1	205.6
339820.3	4766121.8	1991.2	339802.5	4766134.0	1992.6
338920.9	4792401.7	1281.5	338933.1	4792384.3	1285.9
338980.3	4799990.9	187.8	338968.4	4800008.7	184.5
341500.5	4787031.0	2267.4	341518.3	4787018.8	2270.4
326650.8	4766181.9	1333.0	326668.3	4766169.0	1335.2
336310.9	4767201.7	1110.9	336298.0	4767219.3	1111.1
340930.4	4806291.7	127.6	340918.1	4806274.1	131.5
328330.7	4802001.7	77.9	328348.1	4801988.5	78.5
344050.6	4774641.1	1648.7	344062.6	4774659.3	1649.8
335530.7	4801731.5	142.2	335518.4	4801713.4	141.8
340990.1	4788171.1	1910.7	341002.7	4788153.9	1915.4
330010.5	4786581.1	250.3	330008.3	4786559.3	250.2
327280.9	4766901.2	1177.9	327267.8	4766918.5	1174.8
334150.1	4806501.4	333.9	334128.3	4806503.9	334.3
346570.2	4799211.2	570.3	346572.5	4799189.3	570.7
340750.7	4793691.8	1162.6	340762.7	4793673.8	1167.1
339850.8	4787991.0	1808.8	339872.7	4787989.0	1809.2
346090.1	4789851.3	948.0	346097.5	4789838.6	964.5
333670.1	4792311.2	1047.7	333682.7	4792293.5	1051.7
337000.7	4788951.3	1590.8	336987.5	4788969.0	1592.5
338410.7	4789191.4	1493.7	338422.8	4789173.4	1489.2
345970.9	4784271.5	1301.2	345982.8	4784268.9	1319.7
338590.2	4789581.8	1471.2	338603.4	4789564.3	1474.6
339460.9	4787091.1	2036.7	339447.9	4787073.5	2040.6
331990.0	4783131.7	1023.0	331988.0	4783114.3	1036.7
337030.5	4788261.4	1741.4	337048.1	4788248.8	1746.9
330670.5	4784751.8	289.1	330667.9	4784774.0	288.9
326290.1	4793271.0	191.8	326268.1	4793274.2	194.1
345970.4	4787421.0	411.3	345982.9	4787403.8	404.4	
336670.7	4768191.2	1206.9	336668.0	4768169.0	1206.6
341620.6	4784991.0	2192.2	341613.0	4785003.9	2209.0
346540.3	4780041.7	1788.0	346542.8	4780058.5	1802.8
346090.1	4767111.8	1277.0	346108.2	4767099.0	1273.1
335890.3	4776531.8	863.5	335868.0	4776534.3	861.0
329710.4	4786521.7	284.2	329708.3	4786499.2	283.8
341140.6	4788141.7	1855.3	341152.5	4788123.6	1849.1
331330.3	4793511.7	596.7	331322.5	4793529.4	608.6
341620.2	4790541.6	1414.1	341642.7	4790543.4	1416.0
344980.4	4791951.7	1493.7	344998.4	4791939.2	1488.1
330040.9	4767831.7	1315.1	330063.1	4767834.2	1318.7
333460.3	4785531.4	1437.1	333477.9	4785518.8	1430.1
327970.3	4767741.3	1142.8	327947.8	4767744.1	1140.5
336580.7	4779261.8	1735.2	336593.0	4779244.1	1742.7
346630.9	4766930.9	1257.8	346608.4	4766933.7	1257.4
337030.5	4768161.2	1124.1	337008.3	4768163.6	1119.5
340060.7	4786581.8	2044.3	340058.4	4786559.2	2042.5
335350.8	4790001.4	1356.6	335332.8	4789989.0	1363.1
344950.6	4793901.0	1299.6	344957.8	4793879.4	1301.5
348700.3	4775420.9	1815.6	348697.7	4775443.6	1817.2
341860.9	4786851.2	2080.1	341863.1	4786828.5	2081.1
327910.4	4774011.1	1750.5	327912.5	4773989.2	1756.8
328720.5	4784181.0	1243.2	328697.9	4784184.4	1243.8
346660.9	4795671.7	793.5	346663.4	4795649.3	797.4
346540.7	4788531.6	345.9	346542.5	4788508.8	345.2
326200.1	4795341.2	336.9	326218.4	4795328.9	343.2
348370.1	4779261.1	2466.8	348347.9	4779263.9	2461.7
331150.3	4793781.3	720.3	331162.9	4793763.5	727.4
341950.1	4801131.7	274.8	341973.0	4801134.0	273.7
327370.4	4802090.9	56.9	327393.1	4802093.6	54.2
346480.2	4791831.4	1667.9	346498.3	4791833.6	1653.9
342790.0	4774701.0	1975.2	342812.8	4774703.7	1978.5
346480.2	4770591.1	1904.3	346462.7	4770604.0	1896.3
337480.3	4774491.6	1316.4	337503.3	4774488.8	1316.4
337270.1	4794291.6	1049.6	337248.0	4794298.4	1050.6
345910.8	4767261.0	1284.3	345932.6	4767253.6	1281.8
335230.2	4787030.9	766.4	335253.1	4787033.5	764.1
334090.2	4765641.1	1109.9	334098.4	4765619.4	1111.4
340540.4	4767951.1	1253.2	340563.0	4767948.5	1258.0
339880.4	4782441.9	2149.0	339858.3	4782448.5	2152.6
341080.8	4773381.6	2066.1	341102.6	4773373.4	2066.6
343840.7	4770321.9	1312.0	343848.1	4770343.8	1309.2
339940.0	4787990.9	1774.9	339948.1	4787969.3	1772.1
338770.9	4773201.3	1804.6	338747.7	4773199.1	1804.4
